Results for N = 40
Iteration,v_true,alpha_true,tau_true,v_est,alpha_est,tau_est,bias_v,bias_alpha,bias_tau,squared_error
1,1.796076,1.476454,0.374864,1.428296,1.214455,0.464655,0.367780,0.262000,-0.089791,0.211968
2,0.743985,0.610564,0.438305,0.543214,0.556467,0.449752,0.200771,0.054097,-0.011447,0.043366
3,0.942363,0.978075,0.480665,1.003163,1.095149,0.441296,-0.060800,-0.117074,0.039369,0.018953
4,0.611301,0.755158,0.250183,1.051171,0.695308,0.257432,-0.439871,0.059850,-0.007249,0.197121
5,1.597978,1.320569,0.459250,1.408607,1.231430,0.452429,0.189370,0.089139,0.006821,0.043854
6,0.639657,1.391046,0.345458,0.385705,1.324394,0.413492,0.253952,0.066652,-0.068034,0.073563
7,1.224105,0.546490,0.476977,1.376932,0.530809,0.484926,-0.152826,0.015681,-0.007949,0.023665
8,0.747496,1.834630,0.162842,1.038028,1.874622,0.199336,-0.290532,-0.039993,-0.036494,0.087340
9,0.651887,0.808326,0.175994,0.241536,0.830809,0.140821,0.410350,-0.022484,0.035173,0.170130
10,1.545795,1.583057,0.391990,1.410813,1.557417,0.358998,0.134982,0.025640,0.032991,0.019966
11,0.897897,0.922285,0.195019,0.801263,0.912169,0.175862,0.096634,0.010116,0.019157,0.009807
12,0.574453,1.357655,0.435942,0.553994,1.319306,0.340962,0.020459,0.038349,0.094980,0.010910
13,0.730385,1.041243,0.271042,0.373781,1.084766,0.215440,0.356604,-0.043522,0.055602,0.132152
14,0.941824,1.493030,0.340086,0.770103,1.426578,0.281958,0.171721,0.066452,0.058128,0.037283
15,0.799512,0.538604,0.168333,1.455499,0.582136,0.162878,-0.655986,-0.043532,0.005455,0.432243
16,0.937717,0.622904,0.437508,1.346913,0.629066,0.448998,-0.409196,-0.006162,-0.011491,0.167611
17,0.962530,1.096201,0.295639,0.740576,1.144107,0.264537,0.221954,-0.047906,0.031102,0.052526
18,1.491560,0.636705,0.317650,2.070437,0.669566,0.313988,-0.578877,-0.032861,0.003662,0.336192
19,0.777322,1.828239,0.247761,0.609063,2.030600,0.159874,0.168259,-0.202361,0.087887,0.076985
20,1.168663,0.894944,0.286023,0.816902,0.894707,0.284303,0.351761,0.000237,0.001720,0.123739
21,0.839363,0.902843,0.124656,0.430423,0.942015,0.121243,0.408940,-0.039172,0.003413,0.168778
22,1.628353,1.501203,0.134283,1.447214,1.344591,0.221575,0.181139,0.156612,-0.087292,0.064959
23,1.015687,1.312174,0.488282,0.725954,1.335347,0.466440,0.289733,-0.023174,0.021843,0.084960
24,1.384590,1.330403,0.436319,1.590274,1.381664,0.499828,-0.205684,-0.051261,-0.063509,0.048967
25,1.727608,1.127948,0.314206,1.843703,1.191745,0.309856,-0.116095,-0.063797,0.004350,0.017567
26,1.800341,1.212237,0.452662,1.950735,1.287876,0.441781,-0.150394,-0.075640,0.010881,0.028458
27,1.214393,0.618433,0.461111,0.568874,0.712750,0.402260,0.645519,-0.094318,0.058851,0.429055
28,1.571459,1.253152,0.460182,0.989165,1.110646,0.565003,0.582294,0.142506,-0.104821,0.370361
29,1.700676,1.516302,0.348109,1.857412,1.352584,0.416776,-0.156737,0.163719,-0.068667,0.056085
30,0.680423,1.635783,0.169152,0.803833,1.724604,-0.004303,-0.123410,-0.088821,0.173454,0.053206
31,1.976552,1.958247,0.423384,1.847839,1.982619,0.442893,0.128713,-0.024372,-0.019509,0.017542
32,0.689279,1.135062,0.495312,0.808484,1.199035,0.435777,-0.119205,-0.063973,0.059535,0.021847
33,1.153090,1.995904,0.350890,1.531700,2.391828,0.306799,-0.378610,-0.395924,0.044091,0.302045
34,1.751162,0.886830,0.464322,3.952468,1.747454,0.380874,-2.201306,-0.860624,0.083447,5.593384
35,1.871261,0.600518,0.255240,2.652130,0.654041,0.256045,-0.780869,-0.053523,-0.000806,0.612622
36,1.096032,0.989190,0.210480,1.712409,0.905507,0.266553,-0.616376,0.083684,-0.056073,0.390067
37,1.187236,1.810199,0.414620,1.149956,1.692161,0.478915,0.037280,0.118039,-0.064295,0.019457
38,1.434587,1.283843,0.267838,0.691443,1.225404,0.251483,0.743143,0.058439,0.016355,0.555945
39,1.121664,0.722300,0.335174,1.167854,0.725517,0.327577,-0.046190,-0.003218,0.007597,0.002202
40,1.637566,1.909475,0.469971,1.428780,1.758357,0.603676,0.208786,0.151118,-0.133705,0.084305
41,1.344026,0.651486,0.214437,0.336056,0.597134,0.225121,1.007969,0.054352,-0.010683,1.019070
42,1.303450,1.015804,0.264356,0.572598,0.892119,0.318832,0.730852,0.123685,-0.054476,0.552410
43,1.074565,1.228377,0.343585,1.084030,1.278833,0.374331,-0.009465,-0.050456,-0.030746,0.003581
44,0.556199,0.913121,0.157541,0.233602,0.859026,0.163250,0.322596,0.054095,-0.005709,0.107027
45,1.412983,1.540492,0.115513,1.906199,1.544665,0.145329,-0.493216,-0.004173,-0.029816,0.244168
46,1.834361,0.997241,0.195032,2.194124,0.886873,0.251438,-0.359763,0.110368,-0.056406,0.144792
47,1.618625,1.881252,0.458813,1.344850,1.633806,0.496044,0.273775,0.247446,-0.037231,0.137568
48,0.530349,1.726079,0.221222,0.612485,1.793697,0.156934,-0.082135,-0.067618,0.064288,0.015451
49,0.920520,1.237429,0.378473,0.791327,1.225032,0.352230,0.129193,0.012397,0.026243,0.017533
50,0.647326,1.803350,0.153754,0.348983,1.773838,0.243494,0.298343,0.029512,-0.089740,0.097933
51,1.961329,1.164666,0.430329,1.615348,1.073825,0.427776,0.345981,0.090841,0.002553,0.127962
52,0.904130,1.125159,0.358222,0.477294,1.070253,0.357630,0.426836,0.054906,0.000592,0.185204
53,0.781904,0.817086,0.429588,1.116042,0.759199,0.459379,-0.334139,0.057887,-0.029792,0.115887
54,1.611417,1.639240,0.446876,2.025148,1.809034,0.381324,-0.413731,-0.169794,0.065552,0.204300
55,1.731526,1.272905,0.163589,1.673142,1.313233,0.162271,0.058384,-0.040328,0.001318,0.005037
56,0.966685,1.260193,0.154260,1.366895,1.269008,0.219782,-0.400211,-0.008815,-0.065522,0.164539
57,1.776943,1.818999,0.111579,1.937380,1.890988,0.126076,-0.160437,-0.071989,-0.014497,0.031132
58,0.789145,1.749395,0.434791,0.892717,1.736941,0.455172,-0.103572,0.012454,-0.020381,0.011298
59,0.874235,1.184673,0.467212,0.962871,1.140976,0.504523,-0.088636,0.043697,-0.037310,0.011158
60,1.556951,0.910966,0.429403,1.723193,1.006621,0.429589,-0.166242,-0.095654,-0.000186,0.036786
61,1.257690,1.453115,0.149549,1.249969,1.556767,0.124753,0.007721,-0.103652,0.024796,0.011418
62,0.545845,1.058700,0.337617,0.835463,1.160315,0.247982,-0.289618,-0.101615,0.089635,0.102239
63,0.766376,1.805721,0.334752,1.043693,1.864447,0.404352,-0.277317,-0.058726,-0.069600,0.085198
64,1.024640,0.745270,0.457797,0.772278,0.801576,0.422564,0.252362,-0.056305,0.035233,0.068098
65,1.623442,1.533276,0.214028,1.391590,1.398336,0.276057,0.231852,0.134940,-0.062030,0.075812
66,1.079849,0.744361,0.328903,1.346377,0.815977,0.284828,-0.266528,-0.071616,0.044076,0.078109
67,1.947376,1.785667,0.358952,1.834829,1.604748,0.344098,0.112547,0.180918,0.014854,0.045619
68,1.516543,0.903625,0.263803,1.922952,0.902051,0.273490,-0.406409,0.001574,-0.009687,0.165264
69,0.530079,1.670455,0.407029,0.648236,1.694773,0.392436,-0.118157,-0.024318,0.014593,0.014765
70,0.513347,1.867273,0.358949,0.572855,1.917784,0.310327,-0.059508,-0.050511,0.048622,0.008457
71,1.401713,0.512696,0.200956,1.555750,0.469798,0.224476,-0.154037,0.042898,-0.023520,0.026121
72,1.707628,0.958190,0.486810,1.306999,0.840561,0.518831,0.400629,0.117629,-0.032021,0.175366
73,1.464110,1.135710,0.250590,1.571978,1.237873,0.171286,-0.107868,-0.102163,0.079304,0.028362
74,1.023064,0.877998,0.286679,1.354486,0.811092,0.323298,-0.331422,0.066907,-0.036619,0.115658
75,1.515794,1.736466,0.258861,1.394404,1.395514,0.368138,0.121391,0.340952,-0.109277,0.142925
76,0.653468,1.267271,0.364942,0.769107,1.101664,0.415295,-0.115639,0.165607,-0.050352,0.043333
77,1.764926,1.061345,0.358937,1.609051,1.078028,0.340667,0.155875,-0.016683,0.018270,0.024909
78,1.413575,0.947714,0.143242,1.494975,0.927302,0.167542,-0.081400,0.020411,-0.024301,0.007633
79,0.595756,1.982541,0.356238,0.304546,2.032663,0.348970,0.291210,-0.050122,0.007268,0.087368
80,1.792237,0.891720,0.384438,1.500996,0.823962,0.413085,0.291242,0.067759,-0.028647,0.090234
81,1.838561,0.948187,0.159972,1.543276,1.004744,0.126557,0.295284,-0.056557,0.033415,0.091508
82,1.648212,1.849531,0.422172,1.572238,1.872770,0.377814,0.075974,-0.023239,0.044358,0.008280
83,1.703546,1.400050,0.364212,1.835354,1.604289,0.282661,-0.131809,-0.204239,0.081552,0.065738
84,1.521134,1.581925,0.362160,1.731218,1.700790,0.310657,-0.210085,-0.118865,0.051503,0.060917
85,1.996204,0.889139,0.267426,1.350451,0.915814,0.249740,0.645753,-0.026675,0.017686,0.418021
86,1.082412,0.552979,0.383228,1.140093,0.542973,0.388169,-0.057680,0.010006,-0.004941,0.003452
87,1.358064,0.784873,0.390620,1.948828,0.890074,0.365671,-0.590764,-0.105201,0.024949,0.360692
88,0.833545,1.301953,0.413959,1.094114,1.417217,0.402180,-0.260570,-0.115264,0.011779,0.081321
89,1.859790,1.507803,0.302926,1.743362,1.441069,0.373897,0.116428,0.066733,-0.070971,0.023046
90,1.768129,1.760958,0.450598,1.758597,1.674312,0.497686,0.009532,0.086646,-0.047088,0.009816
91,0.771704,0.646405,0.151178,0.655040,0.618993,0.148861,0.116663,0.027412,0.002316,0.014367
92,0.887978,1.712516,0.405167,0.960574,1.805795,0.181662,-0.072597,-0.093280,0.223505,0.063926
93,0.774603,1.519569,0.234253,0.789198,1.567114,0.234942,-0.014595,-0.047546,-0.000689,0.002474
94,0.633950,1.032925,0.397684,0.517992,0.986165,0.389752,0.115958,0.046760,0.007932,0.015696
95,0.960628,1.682136,0.232527,1.045708,1.860855,0.106152,-0.085080,-0.178719,0.126375,0.055150
96,0.890839,0.941077,0.440486,0.901068,0.940327,0.446040,-0.010229,0.000750,-0.005555,0.000136
97,1.205805,1.799590,0.333430,1.690021,2.167762,0.372221,-0.484216,-0.368172,-0.038792,0.371520
98,1.916451,0.606824,0.455770,1.644168,0.668187,0.440891,0.272283,-0.061364,0.014879,0.078125
99,1.250716,1.801247,0.252668,1.321512,1.901084,0.314343,-0.070796,-0.099837,-0.061676,0.018783
100,0.947534,0.581093,0.441696,0.170582,0.586716,0.438973,0.776951,-0.005623,0.002723,0.603692
101,0.706048,0.800445,0.263677,0.476021,0.851780,0.269789,0.230027,-0.051335,-0.006112,0.055585
102,1.354105,1.859931,0.283029,1.339330,1.875792,0.384772,0.014775,-0.015861,-0.101743,0.010822
103,0.974575,1.573503,0.411576,0.737276,1.677476,0.171793,0.237299,-0.103973,0.239783,0.124617
104,1.231371,1.446549,0.170730,1.626120,1.351207,0.216617,-0.394749,0.095342,-0.045887,0.167022
105,1.451748,0.507070,0.209411,0.695677,0.434513,0.230006,0.756072,0.072557,-0.020595,0.577333
106,1.641790,0.752909,0.405793,2.702983,0.719912,0.432429,-1.061193,0.032997,-0.026635,1.127929
107,1.234366,1.645354,0.135217,1.600649,2.288797,-0.051985,-0.366284,-0.643443,0.187201,0.583228
108,1.421720,1.450231,0.261357,1.784757,1.649771,0.257512,-0.363037,-0.199539,0.003845,0.171627
109,1.947992,1.074975,0.115090,2.623214,0.957720,0.187605,-0.675223,0.117254,-0.072515,0.474932
110,0.799121,1.059652,0.105631,1.281965,1.081383,0.096332,-0.482843,-0.021730,0.009299,0.233696
111,0.983320,1.749843,0.176231,1.053579,1.646389,0.297305,-0.070260,0.103454,-0.121075,0.030298
112,1.515122,1.440030,0.199529,2.050998,1.786233,0.173733,-0.535876,-0.346203,0.025797,0.407685
113,1.540287,1.016525,0.151572,1.884051,1.032833,0.146395,-0.343764,-0.016308,0.005177,0.118466
114,1.075326,1.383006,0.166808,1.141793,1.214138,0.249316,-0.066467,0.168868,-0.082508,0.039742
115,1.735766,0.947303,0.216331,2.259856,0.972285,0.246649,-0.524091,-0.024982,-0.030317,0.276214
116,1.591748,1.394555,0.235134,1.023636,1.354284,0.179480,0.568112,0.040271,0.055654,0.327470
117,1.831961,1.993209,0.237093,1.973853,1.856046,0.351718,-0.141892,0.137163,-0.114625,0.052086
118,1.852076,1.038876,0.175370,1.984762,1.107047,0.088946,-0.132687,-0.068170,0.086424,0.029722
119,1.922127,1.877308,0.261357,1.921364,1.906751,0.241431,0.000763,-0.029443,0.019925,0.001264
120,0.842627,1.590753,0.152482,0.906985,1.709618,0.145230,-0.064357,-0.118865,0.007253,0.018323
121,1.601115,1.384539,0.167594,1.607981,1.366450,0.157809,-0.006866,0.018090,0.009785,0.000470
122,1.049887,1.475811,0.114945,1.333988,1.647110,0.099981,-0.284100,-0.171300,0.014965,0.110281
123,1.814816,0.883684,0.313893,2.126543,1.033238,0.285375,-0.311727,-0.149554,0.028519,0.120354
124,0.572880,1.992020,0.364788,0.366081,1.996520,0.357992,0.206800,-0.004500,0.006796,0.042833
125,1.480351,0.529613,0.375900,2.387182,0.518085,0.385338,-0.906831,0.011528,-0.009438,0.822564
126,1.125163,1.070381,0.318913,0.999122,0.970252,0.336156,0.126041,0.100128,-0.017243,0.026209
127,1.211595,0.729691,0.378077,0.953160,0.649460,0.417742,0.258434,0.080231,-0.039665,0.074799
128,1.445467,0.951675,0.364666,2.123350,1.034792,0.362554,-0.677883,-0.083117,0.002112,0.466438
129,1.493724,0.904966,0.342254,0.749728,0.825686,0.310542,0.743997,0.079280,0.031711,0.560822
130,0.705745,1.745979,0.141966,0.522760,1.854388,-0.003919,0.182985,-0.108409,0.145885,0.066518
131,1.578149,0.676602,0.145605,2.419733,0.804184,0.100302,-0.841583,-0.127582,0.045303,0.726592
132,0.659396,0.797970,0.179900,1.127705,0.859623,0.159517,-0.468309,-0.061653,0.020383,0.223530
133,0.894491,1.284719,0.180669,0.726759,1.165859,0.236094,0.167732,0.118860,-0.055425,0.045334
134,1.555155,0.943027,0.115762,1.669530,1.038976,0.121046,-0.114375,-0.095949,-0.005284,0.022316
135,1.244532,0.811541,0.473250,0.633658,0.806153,0.446261,0.610874,0.005388,0.026988,0.373924
136,0.995905,0.504107,0.368653,2.293041,0.479107,0.373928,-1.297136,0.025000,-0.005275,1.683214
137,1.860320,1.752848,0.367609,1.374275,1.598825,0.300707,0.486045,0.154023,0.066902,0.264439
138,0.723717,0.635124,0.304682,0.987393,0.626943,0.319845,-0.263676,0.008181,-0.015163,0.069822
139,1.585345,0.651936,0.202357,1.932967,0.717185,0.205573,-0.347622,-0.065249,-0.003216,0.125109
140,0.846740,1.982999,0.218409,0.731194,2.120637,0.001553,0.115546,-0.137638,0.216856,0.079322
141,1.196416,0.649713,0.169881,2.050030,0.676231,0.166654,-0.853614,-0.026518,0.003227,0.729370
142,0.559167,0.935851,0.420638,0.684725,0.904070,0.384677,-0.125558,0.031781,0.035962,0.018068
143,0.969061,1.607810,0.137999,0.709984,1.547376,0.124916,0.259077,0.060434,0.013083,0.070944
144,1.637306,0.568834,0.440799,1.781220,0.544234,0.437036,-0.143914,0.024600,0.003764,0.021331
145,1.495033,0.755768,0.243011,2.404313,0.913868,0.247378,-0.909281,-0.158099,-0.004367,0.851806
146,1.156572,1.432711,0.451390,1.207563,1.436447,0.522212,-0.050992,-0.003737,-0.070821,0.007630
147,0.639427,1.722446,0.173148,0.362323,1.708528,0.169522,0.277104,0.013918,0.003626,0.076993
148,1.101166,1.943465,0.208733,1.039845,1.668134,0.481300,0.061321,0.275330,-0.272567,0.153860
149,1.078573,1.776007,0.419960,0.784115,1.577272,0.282456,0.294458,0.198735,0.137504,0.145109
150,1.473270,1.695364,0.145223,1.477742,1.700097,0.158148,-0.004473,-0.004733,-0.012926,0.000209
151,1.544255,0.587970,0.476987,0.870108,0.587083,0.465887,0.674147,0.000887,0.011099,0.454598
152,0.739093,1.124042,0.336300,1.172344,1.182498,0.314362,-0.433251,-0.058456,0.021939,0.191605
153,1.703397,1.517590,0.172504,1.723774,1.457445,0.217662,-0.020377,0.060145,-0.045157,0.006072
154,1.069626,1.037898,0.111526,1.352740,1.146264,0.105390,-0.283114,-0.108366,0.006137,0.091934
155,1.526696,1.757805,0.489378,1.854462,1.975539,0.443905,-0.327766,-0.217734,0.045472,0.156906
156,0.695983,1.880597,0.145175,0.805273,1.925555,0.050204,-0.109290,-0.044958,0.094971,0.022985
157,1.116926,0.568958,0.204645,0.327240,0.613221,0.192343,0.789686,-0.044263,0.012302,0.625715
158,0.971357,1.556852,0.371172,1.387417,1.810779,0.306553,-0.416060,-0.253927,0.064619,0.241760
159,1.651293,1.364974,0.326005,2.006890,1.467165,0.311424,-0.355597,-0.102191,0.014580,0.137105
160,1.966843,1.504767,0.235320,2.017980,1.459102,0.268896,-0.051137,0.045665,-0.033576,0.005828
161,1.284655,1.550870,0.138097,1.804428,2.030318,0.058852,-0.519773,-0.479447,0.079245,0.506314
162,1.492570,0.872865,0.238300,1.665944,0.742379,0.288732,-0.173375,0.130486,-0.050432,0.049629
163,1.514443,1.077315,0.435613,1.024633,1.072201,0.398609,0.489811,0.005114,0.037004,0.241310
164,1.337516,1.981687,0.121826,1.219585,1.422288,0.239516,0.117931,0.559400,-0.117690,0.340687
165,1.465098,0.735391,0.439538,0.717544,0.711909,0.447934,0.747554,0.023483,-0.008396,0.559459
166,1.777807,1.804123,0.129946,1.891323,1.937037,0.054345,-0.113516,-0.132914,0.075601,0.036267
167,1.237472,0.861338,0.488058,1.666831,0.930267,0.462909,-0.429359,-0.068929,0.025149,0.189733
168,0.575526,0.834060,0.357327,0.750927,0.824367,0.300657,-0.175401,0.009693,0.056670,0.034071
169,1.104915,0.852500,0.283638,0.472948,0.857315,0.260123,0.631968,-0.004815,0.023515,0.399959
170,1.701892,1.172148,0.442636,2.435747,1.504081,0.352111,-0.733855,-0.331933,0.090525,0.656918
171,1.170602,0.678060,0.298949,1.281799,0.756281,0.283255,-0.111197,-0.078221,0.015695,0.018730
172,1.480060,0.653965,0.264935,0.157735,0.634504,0.257574,1.322325,0.019461,0.007361,1.748975
173,1.335697,0.500255,0.136358,1.461695,0.500027,0.122881,-0.125998,0.000227,0.013477,0.016057
174,1.406305,1.428599,0.221839,1.484699,1.692131,0.180684,-0.078394,-0.263532,0.041155,0.077289
175,1.262507,0.810277,0.368590,0.431260,0.700925,0.405923,0.831247,0.109352,-0.037333,0.704323
176,1.925533,1.045014,0.121710,2.467310,1.018237,0.187757,-0.541777,0.026777,-0.066047,0.298602
177,0.834377,1.181690,0.324060,0.585946,1.247363,0.226386,0.248431,-0.065673,0.097675,0.075571
178,1.429637,1.209701,0.362867,1.623773,1.198388,0.378856,-0.194136,0.011312,-0.015989,0.038072
179,1.573870,0.671035,0.403728,1.622363,0.677168,0.411673,-0.048493,-0.006133,-0.007945,0.002452
180,0.832621,1.012036,0.431954,0.291311,1.037658,0.474500,0.541310,-0.025623,-0.042546,0.295483
181,1.946651,0.937975,0.308794,1.855385,0.934901,0.311004,0.091265,0.003075,-0.002210,0.008344
182,1.553144,0.568667,0.165662,1.708506,0.567397,0.176936,-0.155362,0.001271,-0.011273,0.024266
183,0.710674,1.575284,0.388624,0.461686,1.583083,0.288157,0.248988,-0.007799,0.100467,0.072149
184,0.660442,1.416278,0.175017,0.674225,1.437799,0.145667,-0.013783,-0.021522,0.029350,0.001515
185,1.895324,1.089345,0.282818,2.184931,1.149833,0.228115,-0.289606,-0.060488,0.054704,0.090523
186,1.672131,1.575182,0.143106,2.029492,1.450826,0.204419,-0.357361,0.124356,-0.061313,0.146931
187,1.121706,1.889940,0.434986,1.264732,1.986434,0.421257,-0.143026,-0.096494,0.013730,0.029956
188,1.383217,1.658218,0.280202,1.266772,1.734507,0.243286,0.116445,-0.076289,0.036916,0.020742
189,1.487685,1.934285,0.153854,2.158495,3.199801,0.059725,-0.670810,-1.265516,0.094129,2.060377
190,1.248243,1.295547,0.119429,1.074186,1.290554,0.114058,0.174057,0.004993,0.005370,0.030350
191,1.902962,1.758224,0.293173,1.956659,1.504830,0.357108,-0.053697,0.253394,-0.063936,0.071180
192,1.262499,1.881743,0.170881,0.868754,1.784853,0.106367,0.393746,0.096891,0.064514,0.168586
193,1.367832,1.595742,0.151353,1.751652,1.680949,0.099371,-0.383821,-0.085207,0.051982,0.157281
194,1.081108,1.400819,0.453078,1.172619,1.322337,0.459988,-0.091510,0.078482,-0.006910,0.014581
195,1.256165,1.076994,0.491800,1.465396,1.058142,0.531974,-0.209231,0.018852,-0.040174,0.045747
196,1.873865,1.643562,0.209438,2.043614,1.792688,0.225822,-0.169748,-0.149126,-0.016384,0.051321
197,1.945390,1.955737,0.281138,1.764056,1.669130,0.246462,0.181334,0.286607,0.034676,0.116228
198,0.700058,1.119118,0.380006,0.849454,1.141204,0.414057,-0.149396,-0.022086,-0.034052,0.023967
199,1.622640,0.948370,0.380598,1.676055,1.034931,0.345530,-0.053415,-0.086561,0.035068,0.011576
200,1.791061,1.567812,0.474205,2.133159,1.717435,0.431563,-0.342098,-0.149623,0.042642,0.141236
201,1.448875,0.801334,0.349667,1.191276,0.813750,0.357063,0.257599,-0.012416,-0.007395,0.066566
202,0.935869,1.017940,0.368949,0.505988,1.009561,0.325256,0.429881,0.008380,0.043694,0.186777
203,1.972003,1.475130,0.483331,2.527853,1.449278,0.521587,-0.555850,0.025852,-0.038257,0.311101
204,1.255840,1.541468,0.228953,0.873740,1.586621,0.125379,0.382100,-0.045153,0.103574,0.158767
205,0.673108,1.028357,0.292148,1.154834,1.070944,0.324820,-0.481726,-0.042587,-0.032672,0.234941
206,1.355957,1.500736,0.266991,1.778439,1.412646,0.273349,-0.422482,0.088090,-0.006358,0.186291
207,1.621803,1.762084,0.214371,1.618853,1.818842,0.195690,0.002950,-0.056758,0.018681,0.003579
208,1.770952,1.712457,0.309092,1.543305,1.627873,0.335446,0.227646,0.084584,-0.026354,0.059672
209,0.537908,0.717990,0.368102,0.417460,0.724095,0.376463,0.120448,-0.006105,-0.008361,0.014615
210,0.799854,1.625278,0.164374,0.874713,1.584856,0.288844,-0.074859,0.040421,-0.124470,0.022731
211,0.929923,0.875842,0.435753,1.673170,0.828544,0.469779,-0.743247,0.047298,-0.034027,0.555811
212,1.535892,0.942711,0.401438,1.839612,1.057783,0.362930,-0.303720,-0.115072,0.038508,0.106970
213,0.548460,1.721039,0.140992,0.897972,1.543806,0.371946,-0.349512,0.177233,-0.230954,0.206910
214,1.802053,1.609239,0.445937,1.808918,1.627735,0.534363,-0.006865,-0.018496,-0.088426,0.008208
215,1.613619,1.341906,0.195038,2.030642,1.450004,0.210928,-0.417023,-0.108098,-0.015890,0.185846
216,1.676461,1.698233,0.215055,1.701374,1.730624,0.187325,-0.024913,-0.032391,0.027730,0.002439
217,1.496740,1.889727,0.255022,1.375574,1.826369,0.289309,0.121167,0.063358,-0.034287,0.019871
218,1.935053,1.963734,0.225062,2.016789,1.816532,0.254809,-0.081736,0.147202,-0.029747,0.029234
219,1.328187,0.519448,0.200536,2.368573,0.585287,0.183292,-1.040386,-0.065839,0.017245,1.087036
220,1.430843,1.671387,0.448047,1.018977,1.521719,0.503136,0.411865,0.149668,-0.055088,0.195068
221,1.744975,1.867230,0.381852,2.324620,2.971133,0.298644,-0.579645,-1.103904,0.083208,1.561514
222,1.471449,1.632662,0.318646,1.474807,1.703481,0.336831,-0.003358,-0.070820,-0.018185,0.005357
223,1.405080,1.664220,0.485716,1.925402,1.902752,0.555119,-0.520321,-0.238532,-0.069403,0.332448
224,0.941267,0.766139,0.373064,0.804796,0.769188,0.325411,0.136470,-0.003049,0.047653,0.020904
225,0.780465,0.760693,0.305539,0.000000,nan,nan,0.780465,nan,nan,nan
226,1.065797,1.142762,0.322639,0.912627,1.203791,0.202754,0.153171,-0.061030,0.119886,0.041558
227,0.695100,1.375979,0.202006,0.775916,1.415892,0.239036,-0.080816,-0.039912,-0.037030,0.009495
228,0.995844,1.564534,0.161922,1.111365,1.395219,0.212470,-0.115520,0.169315,-0.050548,0.044567
229,0.730555,0.983945,0.120342,0.656754,0.942574,0.070915,0.073801,0.041371,0.049427,0.009601
230,1.898573,1.423413,0.364756,1.705411,1.288384,0.416787,0.193162,0.135029,-0.052031,0.058252
231,1.235826,1.359015,0.243234,1.465340,1.499464,0.234214,-0.229513,-0.140449,0.009020,0.072484
232,1.676047,0.976789,0.187985,1.502555,0.823106,0.250362,0.173492,0.153682,-0.062377,0.057609
233,0.775804,0.602265,0.302056,1.520879,0.637395,0.288103,-0.745075,-0.035130,0.013953,0.556566
234,1.123897,1.305554,0.136778,1.320555,1.473555,0.149310,-0.196658,-0.168001,-0.012532,0.067056
235,0.831797,0.820031,0.232753,1.346969,0.918182,0.213330,-0.515172,-0.098151,0.019423,0.275413
236,1.041197,0.827668,0.401062,1.280942,0.756787,0.435466,-0.239745,0.070881,-0.034404,0.063685
237,1.295748,1.994947,0.429475,1.098232,2.000692,0.413883,0.197516,-0.005746,0.015592,0.039289
238,1.971700,0.513206,0.367575,1.739493,0.487095,0.386582,0.232207,0.026111,-0.019007,0.054963
239,1.168501,1.856745,0.345480,1.352137,2.177619,0.164617,-0.183636,-0.320874,0.180863,0.169394
240,1.431698,1.938345,0.373021,1.330269,1.888569,0.395947,0.101428,0.049776,-0.022926,0.013291
241,0.981406,1.873899,0.477995,0.823399,1.883167,0.536402,0.158007,-0.009269,-0.058407,0.028463
242,1.078814,1.310356,0.213132,0.993146,1.245298,0.261726,0.085668,0.065058,-0.048594,0.013933
243,1.867004,1.733164,0.249983,2.137313,1.714097,0.334295,-0.270309,0.019067,-0.084311,0.080539
244,1.704225,1.168335,0.117541,2.004739,1.253183,0.121319,-0.300514,-0.084848,-0.003778,0.097522
245,1.847422,0.788769,0.305558,2.082952,0.832761,0.272023,-0.235530,-0.043992,0.033534,0.058534
246,1.922318,0.751092,0.482510,1.332053,0.727749,0.471624,0.590265,0.023343,0.010887,0.349076
247,1.306962,0.510996,0.126189,1.775711,0.545922,0.112246,-0.468749,-0.034926,0.013943,0.221140
248,1.505503,1.660373,0.445980,1.905699,1.545070,0.641173,-0.400197,0.115303,-0.195193,0.211552
249,1.136314,0.655890,0.315102,1.543441,0.628077,0.310664,-0.407127,0.027813,0.004437,0.166546
250,1.554114,1.964336,0.410083,1.728314,2.119731,0.314505,-0.174200,-0.155395,0.095577,0.063628
251,1.469842,1.909627,0.398756,1.627368,2.251219,0.342422,-0.157526,-0.341592,0.056334,0.144673
252,0.730632,1.188838,0.232686,0.254122,1.189512,0.225564,0.476510,-0.000674,0.007122,0.227113
253,0.631281,0.581402,0.417686,0.907674,0.562786,0.423005,-0.276392,0.018617,-0.005319,0.076768
254,1.337126,1.362443,0.191058,1.693376,1.483608,0.144163,-0.356249,-0.121165,0.046895,0.143794
255,0.887972,1.082049,0.352087,1.207957,1.147636,0.307575,-0.319985,-0.065587,0.044512,0.108673
256,1.149538,0.525336,0.369319,2.078190,0.528639,0.364981,-0.928652,-0.003303,0.004338,0.862424
257,1.302252,1.462134,0.347340,1.245837,1.561930,0.347518,0.056415,-0.099796,-0.000179,0.013142
258,1.633941,1.378412,0.380353,1.766257,1.422389,0.426335,-0.132316,-0.043977,-0.045983,0.021556
259,0.608884,1.892072,0.142454,0.570029,1.927291,0.048555,0.038855,-0.035220,0.093899,0.011567
260,1.680338,0.952026,0.134602,0.928069,0.912969,0.105464,0.752269,0.039057,0.029138,0.568283
261,1.647911,1.156514,0.258045,1.428827,1.085224,0.251028,0.219084,0.071290,0.007017,0.053129
262,1.491085,1.210982,0.313387,1.770625,1.098996,0.399452,-0.279540,0.111985,-0.086065,0.098090
263,0.704572,1.086489,0.418994,0.280273,1.078522,0.390375,0.424299,0.007967,0.028619,0.180912
264,1.318587,1.940201,0.157630,1.566097,2.339294,0.121207,-0.247510,-0.399093,0.036423,0.221863
265,1.515934,1.871253,0.418007,1.349859,1.861161,0.366293,0.166074,0.010092,0.051713,0.030357
266,1.593987,1.059696,0.479786,1.891070,1.028999,0.477227,-0.297083,0.030696,0.002559,0.089207
267,1.330286,1.332605,0.149294,1.662964,1.321270,0.202629,-0.332678,0.011335,-0.053335,0.113648
268,0.507545,1.394982,0.314861,0.732822,1.499153,0.373387,-0.225277,-0.104170,-0.058526,0.065027
269,1.920469,0.957037,0.399319,2.090744,1.050929,0.366376,-0.170275,-0.093893,0.032943,0.038895
270,1.855320,1.015777,0.265062,1.350016,1.026873,0.208165,0.505304,-0.011095,0.056897,0.258692
271,1.468897,1.268829,0.164382,0.986584,1.113552,0.198677,0.482314,0.155277,-0.034295,0.257914
272,0.831182,1.752123,0.177730,0.684248,1.605577,0.222160,0.146934,0.146546,-0.044429,0.045039
273,0.772037,1.699490,0.440900,0.416949,1.484689,0.522814,0.355088,0.214801,-0.081913,0.178937
274,1.777082,1.898555,0.497725,1.435897,1.530210,0.670536,0.341185,0.368344,-0.172811,0.281948
275,1.191898,1.324497,0.216261,1.650626,1.522032,0.227717,-0.458728,-0.197535,-0.011455,0.249583
276,0.601044,0.647304,0.390236,0.635538,0.637987,0.380184,-0.034494,0.009317,0.010052,0.001378
277,1.230786,0.996276,0.151286,1.029119,0.941971,0.199685,0.201666,0.054305,-0.048399,0.045961
278,1.483209,0.650068,0.347806,2.181846,0.710682,0.326626,-0.698636,-0.060614,0.021180,0.492215
279,1.850178,0.976679,0.280258,1.994946,0.975420,0.235940,-0.144768,0.001259,0.044319,0.022923
280,1.424514,0.958513,0.333668,1.330882,0.929281,0.373540,0.093632,0.029233,-0.039872,0.011211
281,1.348328,1.046740,0.226533,1.291465,0.957643,0.286264,0.056863,0.089097,-0.059731,0.014739
282,1.142461,0.507248,0.198470,2.607975,0.531560,0.197869,-1.465514,-0.024312,0.000601,2.148321
283,0.832289,1.609724,0.274450,0.700379,1.568596,0.314873,0.131909,0.041128,-0.040423,0.020726
284,1.760165,0.701459,0.393189,0.863431,0.716953,0.350239,0.896735,-0.015494,0.042950,0.806218
285,1.816829,1.194273,0.243497,3.050831,2.263893,0.118422,-1.234002,-1.069620,0.125075,2.682493
286,0.958208,1.327508,0.170308,0.940122,1.315534,0.159753,0.018085,0.011974,0.010555,0.000582
287,1.409941,1.762689,0.443485,1.502400,1.672195,0.492822,-0.092458,0.090494,-0.049337,0.019172
288,0.710003,1.307927,0.205294,0.681090,1.244031,0.278595,0.028912,0.063896,-0.073301,0.010292
289,1.829504,0.614694,0.130160,1.558757,0.543573,0.138101,0.270747,0.071121,-0.007941,0.078425
290,0.527945,1.260767,0.112478,0.427190,1.195781,0.119420,0.100756,0.064986,-0.006942,0.014423
291,1.372836,1.107702,0.336015,1.447348,0.957817,0.302390,-0.074513,0.149885,0.033625,0.029148
292,1.859455,1.327391,0.317388,1.476417,1.174872,0.239495,0.383038,0.152519,0.077892,0.176048
293,1.998092,1.208156,0.410079,2.051403,1.071084,0.495426,-0.053310,0.137072,-0.085347,0.028915
294,1.048728,0.834960,0.408858,1.314027,0.836065,0.413016,-0.265299,-0.001105,-0.004158,0.070402
295,1.599840,0.936499,0.285880,1.588840,0.975931,0.286494,0.011001,-0.039432,-0.000614,0.001676
296,1.265618,1.095178,0.300867,1.374920,1.127773,0.363871,-0.109302,-0.032595,-0.063004,0.016979
297,1.494018,1.771973,0.422616,1.376699,1.596010,0.425384,0.117319,0.175963,-0.002768,0.044734
298,1.421054,0.748765,0.305655,0.892573,0.693545,0.309721,0.528481,0.055221,-0.004066,0.282358
299,1.169331,0.768718,0.479485,1.663314,0.833453,0.497079,-0.493983,-0.064736,-0.017594,0.248519
300,1.489120,1.951603,0.394368,1.124267,1.730826,0.294822,0.364853,0.220778,0.099546,0.191770
301,1.225255,1.038193,0.187528,1.041073,1.055269,0.140692,0.184182,-0.017076,0.046836,0.036408
302,1.231463,0.594292,0.247774,0.528950,0.571474,0.263265,0.702513,0.022818,-0.015491,0.494286
303,0.564213,0.810161,0.463090,-0.348053,0.868490,0.425275,0.912266,-0.058329,0.037815,0.837062
304,1.041877,1.204511,0.281857,1.309190,1.184395,0.281104,-0.267313,0.020117,0.000754,0.071861
305,0.569656,1.970885,0.229628,0.689922,2.009348,0.130592,-0.120266,-0.038463,0.099036,0.025752
306,1.555604,1.282059,0.431859,2.118486,1.729330,0.366708,-0.562881,-0.447271,0.065151,0.521131
307,1.752308,0.894974,0.317740,2.018488,0.964043,0.316866,-0.266180,-0.069069,0.000874,0.075623
308,0.760775,1.480513,0.246119,0.707903,1.369397,0.387343,0.052871,0.111116,-0.141224,0.035086
309,1.480005,1.753204,0.306665,1.293136,1.699144,0.204930,0.186869,0.054059,0.101735,0.048192
310,1.064493,1.860864,0.306549,0.918493,1.888529,0.238703,0.146000,-0.027665,0.067845,0.026684
311,1.029347,1.801579,0.294745,1.319325,1.904235,0.316514,-0.289978,-0.102656,-0.021769,0.095100
312,1.223165,1.406316,0.300735,1.027064,1.349764,0.335978,0.196101,0.056552,-0.035243,0.042896
313,0.708452,0.748409,0.130835,0.982493,0.862396,0.091454,-0.274040,-0.113987,0.039381,0.089642
314,1.465216,0.817276,0.174762,2.280729,0.963387,0.177666,-0.815514,-0.146111,-0.002904,0.686419
315,1.043334,1.575954,0.147332,0.825788,1.497675,0.166363,0.217546,0.078279,-0.019031,0.053816
316,0.845519,1.716759,0.388102,0.885630,1.750841,0.351641,-0.040111,-0.034082,0.036461,0.004100
317,1.222275,1.218222,0.184282,1.126771,1.097616,0.212113,0.095504,0.120606,-0.027831,0.024441
318,0.741869,1.750047,0.108978,0.928491,1.868193,0.074135,-0.186622,-0.118145,0.034843,0.050000
319,0.564716,1.360230,0.164452,0.159418,1.258774,0.264741,0.405299,0.101456,-0.100289,0.184618
320,1.444311,0.558786,0.328908,1.870014,0.587489,0.324771,-0.425703,-0.028703,0.004137,0.182064
321,0.583868,0.887389,0.172015,0.530457,0.962992,0.149938,0.053411,-0.075602,0.022077,0.009056
322,1.937358,1.399036,0.325442,1.956359,1.284174,0.352056,-0.019001,0.114862,-0.026614,0.014263
323,0.527930,1.579321,0.364698,0.336173,1.519530,0.396837,0.191757,0.059791,-0.032139,0.041378
324,0.925182,0.628623,0.279681,1.553360,0.624067,0.280365,-0.628178,0.004556,-0.000684,0.394629
325,1.989164,1.800954,0.168227,2.098538,1.745769,0.214998,-0.109374,0.055185,-0.046771,0.017196
326,1.745545,1.401258,0.417846,1.884386,1.562546,0.410826,-0.138840,-0.161288,0.007020,0.045340
327,1.730680,0.772826,0.363860,1.387063,0.698887,0.387203,0.343617,0.073939,-0.023344,0.124085
328,0.896781,1.586280,0.237069,1.087974,1.788563,0.178264,-0.191193,-0.202283,0.058805,0.080931
329,1.180205,1.385894,0.191926,1.197090,1.449015,0.202937,-0.016885,-0.063121,-0.011012,0.004391
330,1.078193,0.662855,0.180939,1.273100,0.665539,0.182043,-0.194907,-0.002684,-0.001103,0.037997
331,1.789388,1.256539,0.267918,1.741710,1.261533,0.303086,0.047678,-0.004994,-0.035168,0.003535
332,0.724342,0.644448,0.290348,0.829644,0.746151,0.261251,-0.105302,-0.101703,0.029096,0.022279
333,1.422122,0.558555,0.413547,1.064686,0.479790,0.428461,0.357436,0.078765,-0.014913,0.134187
334,1.254994,0.676275,0.292896,1.606356,0.683916,0.292047,-0.351362,-0.007641,0.000849,0.123514
335,0.695493,1.405212,0.431009,0.674681,1.436828,0.425000,0.020812,-0.031616,0.006008,0.001469
336,1.845453,1.662306,0.359693,1.965302,1.864121,0.229083,-0.119849,-0.201816,0.130610,0.072152
337,1.283066,1.055566,0.117375,1.598785,1.084949,0.120681,-0.315719,-0.029383,-0.003305,0.100553
338,1.294725,0.844229,0.420920,1.479361,0.937090,0.360419,-0.184636,-0.092861,0.060501,0.046374
339,1.684333,1.071855,0.335619,1.581525,1.096790,0.309475,0.102809,-0.024936,0.026144,0.011875
340,1.612091,1.642309,0.378683,1.412480,1.555579,0.338771,0.199611,0.086729,0.039912,0.048960
341,0.646575,0.700825,0.290856,0.420636,0.718628,0.279606,0.225940,-0.017804,0.011251,0.051492
342,0.848769,1.788580,0.213307,1.085738,1.792246,0.245682,-0.236969,-0.003666,-0.032375,0.057216
343,1.815149,1.112970,0.175608,1.363280,1.016881,0.186214,0.451869,0.096089,-0.010605,0.213531
344,1.563723,1.684134,0.331195,1.450123,1.732478,0.302885,0.113601,-0.048344,0.028310,0.016044
345,0.676743,0.510791,0.361818,-0.758155,0.534805,0.347121,1.434898,-0.024014,0.014698,2.059726
346,1.531650,0.973853,0.244908,1.993285,1.102313,0.195098,-0.461635,-0.128461,0.049810,0.232090
347,0.732168,1.477364,0.201453,0.850461,1.454226,0.268330,-0.118293,0.023138,-0.066877,0.019001
348,1.782465,1.135342,0.246258,1.674147,1.036111,0.251321,0.108319,0.099232,-0.005063,0.021606
349,0.913341,1.520909,0.401989,1.151349,1.690114,0.356564,-0.238008,-0.169205,0.045425,0.087342
350,1.119842,1.675683,0.292987,1.111163,1.395473,0.424795,0.008679,0.280210,-0.131808,0.095966
351,1.055319,1.332367,0.201511,0.789885,1.227267,0.209308,0.265434,0.105100,-0.007797,0.081562
352,0.959980,1.016534,0.382198,0.930232,1.042107,0.384353,0.029748,-0.025572,-0.002155,0.001544
353,1.603674,1.782498,0.363713,1.560350,1.887037,0.323426,0.043323,-0.104539,0.040287,0.014428
354,1.621721,1.169892,0.379725,1.432238,1.082640,0.431539,0.189484,0.087253,-0.051814,0.046202
355,0.742693,0.821687,0.260224,0.890323,0.820924,0.245252,-0.147631,0.000764,0.014973,0.022020
356,1.007657,1.325864,0.378823,0.495293,1.249843,0.303153,0.512363,0.076021,0.075670,0.274021
357,1.560185,0.741107,0.485828,1.008368,0.840266,0.434817,0.551816,-0.099159,0.051012,0.316936
358,0.507936,0.636633,0.158131,0.998247,0.620126,0.183008,-0.490311,0.016507,-0.024877,0.241296
359,1.888793,1.153066,0.125632,2.378056,1.238171,0.104840,-0.489263,-0.085104,0.020792,0.247054
360,0.832655,0.620060,0.115102,1.271717,0.666263,0.116057,-0.439061,-0.046203,-0.000955,0.194911
361,1.076489,1.976672,0.345586,0.895790,1.730983,0.559858,0.180699,0.245689,-0.214272,0.138928
362,1.281508,1.567409,0.338989,1.105189,1.403016,0.420183,0.176320,0.164393,-0.081193,0.064706
363,1.918574,1.730343,0.356117,1.899912,1.549777,0.483392,0.018662,0.180567,-0.127275,0.049151
364,1.158458,0.802561,0.362754,1.935502,0.801135,0.355247,-0.777044,0.001426,0.007507,0.603855
365,1.705865,0.929010,0.113444,1.771897,0.978951,0.099505,-0.066033,-0.049941,0.013939,0.007049
366,1.399272,1.273720,0.192668,1.594925,1.220064,0.253872,-0.195653,0.053657,-0.061204,0.044905
367,0.754224,0.554092,0.195703,0.376889,0.532440,0.197088,0.377336,0.021651,-0.001385,0.142853
368,0.500431,0.736167,0.498727,0.425962,0.709642,0.487847,0.074469,0.026525,0.010880,0.006368
369,1.669509,1.029691,0.258057,1.379592,0.896470,0.329050,0.289917,0.133222,-0.070993,0.106840
370,1.379120,1.276614,0.394770,1.061839,1.305560,0.361439,0.317281,-0.028946,0.033331,0.102616
371,0.602926,0.635249,0.213798,0.000000,nan,nan,0.602926,nan,nan,nan
372,1.744647,1.872513,0.239238,1.617980,1.819824,0.247228,0.126667,0.052690,-0.007990,0.018885
373,1.944931,0.914762,0.342545,2.682394,0.936591,0.351100,-0.737462,-0.021829,-0.008555,0.544400
374,0.791788,1.894571,0.329963,1.088962,2.307065,0.175923,-0.297174,-0.412494,0.154040,0.282192
375,0.891661,1.110702,0.142586,0.796460,1.063830,0.081435,0.095201,0.046872,0.061151,0.015000
376,0.608579,0.941378,0.478806,0.217095,0.924345,0.496646,0.391484,0.017033,-0.017840,0.153868
377,1.704413,1.935064,0.450445,2.122633,3.253861,0.284748,-0.418220,-1.318797,0.165697,1.941590
378,1.719721,1.362341,0.377677,1.387052,1.250566,0.334435,0.332669,0.111774,0.043241,0.125032
379,1.949083,1.344753,0.407987,1.992196,1.261073,0.411822,-0.043113,0.083680,-0.003835,0.008876
380,1.636210,1.941858,0.283539,2.162400,3.194023,0.010706,-0.526190,-1.252165,0.272834,1.919232
381,1.191081,1.380240,0.110940,1.021958,1.356508,0.165220,0.169122,0.023732,-0.054279,0.032112
382,0.674402,0.601331,0.353465,0.851650,0.599807,0.338658,-0.177248,0.001524,0.014807,0.031638
383,1.991297,1.515369,0.191972,2.216637,1.652757,0.202499,-0.225340,-0.137387,-0.010527,0.069764
384,0.973596,1.933169,0.306602,0.797184,1.738988,0.410163,0.176412,0.194180,-0.103561,0.079552
385,0.514585,1.748266,0.199303,0.630490,1.742474,0.203297,-0.115905,0.005791,-0.003994,0.013483
386,0.639514,1.510547,0.428430,0.525608,1.390556,0.593176,0.113906,0.119991,-0.164746,0.054514
387,0.614043,1.897094,0.290622,0.602979,2.051087,-0.048081,0.011064,-0.153993,0.338703,0.138556
388,1.030307,1.841474,0.207630,1.132545,1.718175,0.308618,-0.102238,0.123299,-0.100988,0.035854
389,1.920677,1.524661,0.463971,1.565735,1.403318,0.498186,0.354942,0.121343,-0.034215,0.141879
390,1.248499,0.799500,0.394172,1.982735,0.874853,0.418166,-0.734236,-0.075353,-0.023994,0.545356
391,1.809114,0.810168,0.181107,1.914964,0.809727,0.225328,-0.105850,0.000441,-0.044221,0.013160
392,0.874543,1.427895,0.162398,1.205594,1.614068,0.145025,-0.331051,-0.186172,0.017373,0.144557
393,0.660034,1.880282,0.370325,0.544989,1.778751,0.729414,0.115045,0.101531,-0.359089,0.152489
394,1.495136,1.420740,0.405698,1.609971,1.560466,0.347024,-0.114835,-0.139725,0.058674,0.036153
395,1.312211,0.563395,0.292917,0.768696,0.527471,0.287846,0.543515,0.035924,0.005071,0.296724
396,1.431001,1.238511,0.494145,0.789963,1.227146,0.446312,0.641038,0.011364,0.047833,0.413347
397,1.845500,1.803153,0.296322,1.931116,1.897122,0.321340,-0.085616,-0.093969,-0.025018,0.016786
398,1.976592,1.874010,0.212107,1.839926,1.365438,0.323111,0.136666,0.508572,-0.111005,0.289645
399,0.833139,1.364998,0.121659,0.727047,1.333339,0.239146,0.106092,0.031659,-0.117487,0.026061
400,1.698905,1.217480,0.316307,1.578087,1.392335,0.216601,0.120818,-0.174854,0.099706,0.055112
401,1.253713,1.090575,0.374535,1.422997,1.218977,0.293069,-0.169284,-0.128402,0.081466,0.051781
402,0.762201,1.964761,0.379298,0.826144,2.099634,0.308936,-0.063944,-0.134874,0.070361,0.027230
403,1.190106,1.533816,0.104728,0.922002,1.503569,0.111746,0.268104,0.030246,-0.007018,0.072844
404,0.816129,1.371512,0.230174,0.878882,1.577339,0.247594,-0.062753,-0.205827,-0.017419,0.046606
405,1.419167,0.889551,0.319425,1.226674,0.895603,0.296923,0.192494,-0.006052,0.022502,0.037597
406,0.855709,1.207018,0.345234,0.867693,1.266130,0.243482,-0.011985,-0.059112,0.101751,0.013991
407,1.048886,1.248155,0.184213,1.379593,1.123953,0.307403,-0.330707,0.124202,-0.123190,0.139969
408,1.551069,1.058464,0.441730,1.182087,1.046253,0.428202,0.368982,0.012211,0.013528,0.136480
409,0.919444,0.769834,0.152456,0.432691,0.698606,0.180031,0.486753,0.071228,-0.027575,0.242762
410,1.363839,0.842850,0.139948,0.776285,0.797438,0.123463,0.587554,0.045412,0.016485,0.347554
411,0.904924,0.853708,0.272888,1.010553,0.838449,0.271191,-0.105630,0.015258,0.001696,0.011393
412,1.071325,0.718766,0.483659,0.431955,0.699797,0.464174,0.639370,0.018968,0.019485,0.409534
413,0.724322,1.708503,0.170643,0.780209,1.585169,0.392269,-0.055887,0.123334,-0.221626,0.067453
414,1.249397,1.993343,0.439756,1.117605,1.966013,0.394261,0.131792,0.027330,0.045495,0.020186
415,1.275510,1.580840,0.414133,0.953599,1.453750,0.341467,0.321912,0.127090,0.072666,0.125059
416,0.950051,1.343208,0.327134,0.985105,1.255463,0.427019,-0.035054,0.087745,-0.099885,0.018905
417,1.097603,1.535815,0.124015,1.069201,1.622335,0.081879,0.028402,-0.086520,0.042136,0.010068
418,1.720727,1.214809,0.351945,1.780073,1.234345,0.427134,-0.059346,-0.019536,-0.075189,0.009557
419,1.174782,1.001985,0.244385,0.359886,0.839934,0.274563,0.814896,0.162051,-0.030178,0.691226
420,1.340525,1.897767,0.203086,1.778272,2.060181,0.207470,-0.437747,-0.162414,-0.004384,0.218020
421,0.529753,0.681856,0.446947,0.711768,0.717686,0.461134,-0.182015,-0.035829,-0.014187,0.034614
422,1.944675,0.798437,0.330358,2.430876,0.800497,0.321818,-0.486202,-0.002060,0.008540,0.236469
423,1.473696,0.761808,0.412124,1.081891,0.783164,0.400032,0.391805,-0.021355,0.012092,0.154114
424,1.032664,1.509789,0.294997,0.593247,1.428238,0.320168,0.439417,0.081551,-0.025171,0.200371
425,1.604789,1.834449,0.252428,2.386737,2.893807,0.173613,-0.781947,-1.059358,0.078816,1.739893
426,0.929785,1.447568,0.157939,0.959564,1.444712,0.167795,-0.029779,0.002856,-0.009856,0.000992
427,0.751363,1.711576,0.234955,0.735130,1.885780,-0.002853,0.016233,-0.174204,0.237809,0.087164
428,1.446910,1.357456,0.439560,1.708906,1.285749,0.466930,-0.261996,0.071707,-0.027370,0.074533
429,0.607016,0.742999,0.191287,1.134246,0.747014,0.187670,-0.527230,-0.004015,0.003617,0.278000
430,0.975317,0.937035,0.206989,0.688538,0.899063,0.214711,0.286779,0.037972,-0.007722,0.083744
431,1.466966,0.906872,0.277959,1.103945,0.878124,0.278495,0.363022,0.028748,-0.000536,0.132612
432,1.794210,1.044747,0.334768,1.662044,1.043655,0.331232,0.132165,0.001092,0.003536,0.017481
433,1.948289,1.120984,0.173554,2.086896,1.203848,0.170340,-0.138607,-0.082865,0.003215,0.026089
434,0.534652,1.591659,0.364809,0.783943,1.577618,0.464679,-0.249291,0.014041,-0.099870,0.072317
435,1.910656,1.551045,0.132026,2.014825,1.818303,0.041919,-0.104169,-0.267257,0.090106,0.090397
436,0.750366,0.654514,0.125517,0.156447,0.639726,0.122784,0.593918,0.014788,0.002733,0.352965
437,1.818036,1.322651,0.110546,1.400836,1.389107,0.034597,0.417201,-0.066456,0.075949,0.184241
438,1.095519,1.647495,0.133300,0.937703,1.478395,0.143409,0.157816,0.169100,-0.010109,0.053603
439,0.893678,0.732912,0.361933,0.859196,0.720487,0.365655,0.034483,0.012425,-0.003722,0.001357
440,1.828207,0.964056,0.198959,1.823321,0.951341,0.176860,0.004886,0.012715,0.022099,0.000674
441,0.926263,1.439721,0.152511,0.808939,1.358091,0.186685,0.117324,0.081630,-0.034174,0.021596
442,1.757777,0.542857,0.365420,0.812961,0.498751,0.371306,0.944815,0.044106,-0.005886,0.894656
443,1.790553,0.987802,0.290462,1.814743,0.955838,0.274473,-0.024190,0.031964,0.015989,0.001862
444,1.962472,1.310876,0.208966,2.100536,1.196031,0.220198,-0.138064,0.114846,-0.011232,0.032377
445,1.167267,1.954313,0.379049,1.877645,3.678413,-0.067334,-0.710378,-1.724100,0.446383,3.676415
446,0.765555,1.396376,0.352419,0.910535,1.522505,0.271377,-0.144980,-0.126129,0.081042,0.043496
447,1.453777,1.345977,0.309384,1.137312,1.218922,0.253314,0.316465,0.127055,0.056070,0.119437
448,1.459292,0.964492,0.238867,1.647178,0.941366,0.258995,-0.187886,0.023126,-0.020128,0.036241
449,1.309502,1.707062,0.276744,1.336912,1.455526,0.391725,-0.027410,0.251536,-0.114981,0.077242
450,1.048675,0.889711,0.221429,0.751584,0.823646,0.231660,0.297091,0.066064,-0.010231,0.092732
451,0.500139,1.723070,0.439179,0.621687,1.767148,0.510608,-0.121548,-0.044079,-0.071429,0.021819
452,1.015827,1.203797,0.103327,0.871146,1.261112,0.095785,0.144682,-0.057315,0.007541,0.024275
453,1.883133,1.920436,0.290827,2.354795,2.933060,0.125996,-0.471662,-1.012624,0.164831,1.275041
454,0.513699,1.145653,0.217169,0.622230,1.174625,0.161628,-0.108532,-0.028972,0.055542,0.015703
455,0.846823,0.510827,0.249458,2.025992,0.542259,0.250951,-1.179169,-0.031432,-0.001494,1.391430
456,1.117604,1.340832,0.257901,1.145995,1.513620,0.152322,-0.028391,-0.172788,0.105578,0.041809
457,0.744904,1.605677,0.255889,0.662110,1.867912,0.058364,0.082795,-0.262235,0.197526,0.114639
458,1.067537,0.894470,0.268896,1.440381,0.962450,0.229125,-0.372844,-0.067979,0.039771,0.145216
459,0.859343,1.646807,0.463982,0.819403,1.509346,0.611014,0.039940,0.137462,-0.147033,0.042109
460,1.711362,1.526960,0.213871,1.825570,1.376176,0.267127,-0.114207,0.150784,-0.053256,0.038615
461,1.614390,1.713213,0.265162,1.539563,1.631830,0.347446,0.074827,0.081383,-0.082284,0.018993
462,1.780223,0.773611,0.215838,1.392634,0.788874,0.190271,0.387589,-0.015263,0.025568,0.151112
463,1.455339,1.426594,0.208854,1.452585,1.512630,0.172598,0.002754,-0.086036,0.036255,0.008724
464,1.434131,0.781684,0.107758,1.027849,0.711085,0.132661,0.406282,0.070599,-0.024903,0.170669
465,0.574448,1.302456,0.174375,0.680553,1.245013,0.185929,-0.106105,0.057443,-0.011554,0.014691
466,0.653410,0.903793,0.386078,0.888954,0.822188,0.393813,-0.235544,0.081605,-0.007734,0.062200
467,1.590661,0.849216,0.160273,1.314019,0.836070,0.198139,0.276642,0.013145,-0.037865,0.078137
468,1.240369,1.012869,0.224631,0.931261,1.040955,0.212404,0.309109,-0.028086,0.012227,0.096486
469,1.699194,1.996945,0.285474,2.387400,2.893003,0.197008,-0.688206,-0.896058,0.088466,1.284373
470,1.687137,0.995373,0.437419,1.867005,0.929082,0.483584,-0.179868,0.066291,-0.046165,0.038878
471,1.927466,0.584058,0.410261,2.533697,0.547143,0.429594,-0.606231,0.036915,-0.019333,0.369252
472,0.607077,1.205220,0.176877,1.023009,1.208946,0.143461,-0.415932,-0.003726,0.033416,0.174130
473,1.762309,1.725876,0.431301,1.452579,1.729548,0.403495,0.309730,-0.003672,0.027806,0.096719
474,0.682942,1.652219,0.199585,0.770187,1.605794,0.276948,-0.087245,0.046424,-0.077363,0.015752
475,1.656838,1.164441,0.395048,1.681928,1.031317,0.471795,-0.025090,0.133124,-0.076747,0.024242
476,0.550265,1.191252,0.408398,0.344702,1.176279,0.369419,0.205564,0.014973,0.038979,0.044000
477,1.281709,1.973174,0.289130,1.091571,1.782669,0.391207,0.190137,0.190505,-0.102077,0.082864
478,1.522163,0.968164,0.229225,1.205150,0.911598,0.231820,0.317013,0.056566,-0.002595,0.103704
479,1.443746,0.563279,0.474968,1.575529,0.537786,0.492316,-0.131783,0.025493,-0.017347,0.018318
480,1.281389,0.879969,0.355408,1.872959,0.926129,0.336021,-0.591570,-0.046160,0.019387,0.352461
481,0.798085,1.831279,0.445463,1.134240,1.937177,0.587780,-0.336155,-0.105898,-0.142317,0.144469
482,0.826682,0.669393,0.353164,0.502291,0.601804,0.368900,0.324391,0.067589,-0.015736,0.110045
483,0.986770,0.751041,0.210440,1.109985,0.763342,0.203990,-0.123214,-0.012301,0.006450,0.015375
484,0.679474,1.683716,0.103572,1.178364,2.132028,-0.122012,-0.498890,-0.448313,0.225584,0.500763
485,0.562990,1.675213,0.290108,0.064494,1.551815,0.359896,0.498496,0.123398,-0.069788,0.268595
486,1.394318,1.057098,0.135792,1.421034,1.091176,0.130486,-0.026715,-0.034078,0.005306,0.001903
487,0.736548,0.637102,0.347458,1.455896,0.665844,0.321817,-0.719349,-0.028742,0.025641,0.518946
488,1.896273,1.995460,0.350053,2.446513,2.823102,0.341198,-0.550240,-0.827642,0.008855,0.987834
489,0.589663,1.466862,0.380531,0.751635,1.461629,0.368921,-0.161973,0.005233,0.011610,0.026397
490,1.687199,0.688741,0.193070,1.177770,0.620569,0.218094,0.509430,0.068172,-0.025024,0.264792
491,1.972514,1.682843,0.402679,2.115530,1.731747,0.429465,-0.143016,-0.048904,-0.026786,0.023563
492,1.708288,1.158078,0.177186,2.246374,1.310752,0.223420,-0.538086,-0.152673,-0.046234,0.314984
493,1.533875,1.037251,0.153893,1.593188,1.088761,0.077322,-0.059313,-0.051510,0.076571,0.012034
494,1.847995,1.227953,0.275000,1.651385,1.178350,0.289496,0.196609,0.049603,-0.014496,0.041326
495,0.942072,1.545557,0.175910,1.202187,1.442872,0.339921,-0.260115,0.102685,-0.164011,0.105103
496,0.779940,1.021497,0.392961,0.942246,1.028819,0.366518,-0.162306,-0.007322,0.026443,0.027096
497,0.912987,1.747024,0.465790,0.906225,1.711052,0.495112,0.006762,0.035973,-0.029322,0.002200
498,1.331780,0.603315,0.162010,0.891117,0.573242,0.151472,0.440663,0.030073,0.010538,0.195200
499,0.943509,0.895024,0.246845,1.149202,0.843542,0.309197,-0.205693,0.051482,-0.062352,0.048848
500,0.501080,1.457039,0.251617,0.207764,1.454923,0.230352,0.293316,0.002116,0.021265,0.086491
501,0.778301,0.528080,0.442732,0.745530,0.543861,0.445081,0.032771,-0.015782,-0.002349,0.001329
502,1.664025,0.858180,0.388401,2.061457,0.841444,0.392651,-0.397432,0.016736,-0.004249,0.158251
503,1.487434,1.308435,0.254996,1.859446,1.583504,0.269319,-0.372012,-0.275069,-0.014322,0.214261
504,1.286105,1.246324,0.320587,1.516302,1.449068,0.261391,-0.230197,-0.202744,0.059196,0.097600
505,1.419559,0.983900,0.356362,0.860691,0.849187,0.353216,0.558868,0.134714,0.003146,0.330491
506,0.665696,1.284801,0.126672,1.022386,1.355941,0.009897,-0.356689,-0.071140,0.116775,0.145925
507,1.752790,0.694661,0.449397,2.142252,0.647120,0.468457,-0.389462,0.047541,-0.019060,0.154304
508,0.803119,1.228055,0.139501,0.787889,1.075403,0.251325,0.015230,0.152652,-0.111824,0.036039
509,1.356518,1.754449,0.363169,1.501487,1.961015,0.332389,-0.144969,-0.206566,0.030780,0.064633
510,1.288732,1.551971,0.202375,1.816194,1.621214,0.264344,-0.527462,-0.069243,-0.061968,0.286851
511,1.049531,1.408930,0.128350,1.129778,1.372480,0.216083,-0.080247,0.036450,-0.087733,0.015465
512,1.895317,0.813107,0.296562,2.375323,0.819219,0.297031,-0.480007,-0.006112,-0.000469,0.230444
513,1.834651,0.619935,0.420408,2.050234,0.603230,0.433485,-0.215583,0.016705,-0.013077,0.046926
514,0.591050,1.337030,0.475298,0.602116,1.407202,0.368863,-0.011065,-0.070172,0.106434,0.016375
515,1.123930,1.053603,0.383374,1.225638,1.131079,0.352729,-0.101709,-0.077476,0.030645,0.017286
516,1.735464,0.898723,0.116261,3.145121,1.164840,0.108899,-1.409657,-0.266116,0.007362,2.058004
517,0.605582,0.955857,0.477841,0.868935,0.975099,0.425034,-0.263353,-0.019243,0.052808,0.072514
518,1.940880,0.645679,0.390069,2.670795,0.728588,0.376188,-0.729915,-0.082909,0.013881,0.539843
519,1.297492,0.784191,0.310477,1.369578,0.802154,0.294745,-0.072087,-0.017963,0.015732,0.005767
520,0.873145,1.437988,0.171559,1.100345,1.409193,0.210147,-0.227200,0.028795,-0.038588,0.053938
521,1.623792,1.122777,0.142206,1.289250,0.959289,0.170617,0.334542,0.163488,-0.028412,0.139454
522,1.457936,1.036945,0.283488,2.078094,1.208947,0.313347,-0.620158,-0.172002,-0.029858,0.415072
523,1.497864,1.824236,0.166724,1.989080,3.472336,-0.256897,-0.491216,-1.648100,0.423621,3.136983
524,0.770595,1.102336,0.235005,0.696955,1.048687,0.217898,0.073640,0.053649,0.017107,0.008594
525,0.737265,1.997650,0.277205,0.921635,2.111368,0.238120,-0.184370,-0.113717,0.039084,0.048452
526,1.028486,0.972732,0.496585,0.870908,0.839225,0.564882,0.157579,0.133507,-0.068297,0.047320
527,0.986981,1.057579,0.405674,0.619064,0.999960,0.419412,0.367917,0.057619,-0.013738,0.138872
528,1.145882,1.588802,0.343365,1.037340,1.494783,0.382726,0.108542,0.094019,-0.039360,0.022170
529,1.344717,0.820892,0.406283,2.170524,0.896516,0.394908,-0.825807,-0.075624,0.011375,0.687806
530,1.889220,0.881134,0.484661,3.195049,1.146637,0.505322,-1.305829,-0.265503,-0.020661,1.776108
531,1.171250,1.095636,0.390525,1.021695,1.075284,0.428721,0.149554,0.020352,-0.038196,0.024240
532,1.974435,1.393644,0.307044,2.044555,1.440137,0.301972,-0.070121,-0.046492,0.005072,0.007104
533,1.990118,0.952762,0.220134,2.479758,1.013125,0.232617,-0.489640,-0.060363,-0.012484,0.243547
534,0.832830,1.783581,0.108681,0.845474,1.833998,0.165122,-0.012644,-0.050418,-0.056442,0.005887
535,1.732910,1.534579,0.210383,2.115939,1.391552,0.242158,-0.383029,0.143027,-0.031775,0.168177
536,1.330495,1.334485,0.470369,1.085140,1.277526,0.543387,0.245355,0.056959,-0.073018,0.068775
537,0.732072,0.556604,0.242262,0.187182,0.534684,0.233655,0.544890,0.021920,0.008607,0.297459
538,0.707612,1.050624,0.332862,0.708495,1.031606,0.370381,-0.000883,0.019019,-0.037519,0.001770
539,0.849491,1.716611,0.136762,0.789378,1.756185,0.087194,0.060113,-0.039574,0.049568,0.007637
540,1.099697,1.876823,0.393706,1.029253,1.890604,0.386637,0.070444,-0.013781,0.007069,0.005202
541,1.585371,1.689356,0.169161,1.755998,1.676790,0.237576,-0.170627,0.012566,-0.068415,0.033952
542,1.738558,1.534393,0.330493,1.623016,1.353791,0.351299,0.115541,0.180602,-0.020806,0.046400
543,1.861483,1.392847,0.220157,1.558695,1.248423,0.218821,0.302788,0.144424,0.001336,0.112541
544,1.596184,1.364426,0.131391,1.378196,1.411925,0.083139,0.217988,-0.047500,0.048252,0.052103
545,0.583884,1.656352,0.239172,0.455687,1.603924,0.277240,0.128197,0.052428,-0.038068,0.020632
546,1.725713,1.124783,0.447132,1.156786,0.949711,0.560271,0.568927,0.175072,-0.113139,0.367128
547,1.804680,0.840077,0.361112,1.841877,0.941757,0.324541,-0.037198,-0.101681,0.036571,0.013060
548,1.403452,0.517152,0.410967,0.818449,0.495407,0.428204,0.585004,0.021745,-0.017237,0.342999
549,1.073730,0.957175,0.116473,0.929137,0.911919,0.086285,0.144593,0.045256,0.030188,0.023867
550,1.309895,0.724370,0.300961,1.856606,0.746682,0.323092,-0.546712,-0.022312,-0.022131,0.299881
551,0.831196,0.575780,0.392631,2.039727,0.606337,0.398899,-1.208531,-0.030558,-0.006267,1.461521
552,1.089324,1.168424,0.338053,1.068981,1.156954,0.287022,0.020343,0.011470,0.051031,0.003150
553,1.257094,0.833128,0.215913,1.834366,0.845304,0.241029,-0.577272,-0.012176,-0.025116,0.334022
554,1.091484,0.698284,0.133018,0.444370,0.680246,0.145641,0.647114,0.018038,-0.012623,0.419241
555,1.357161,0.573967,0.259677,0.894832,0.570862,0.265283,0.462329,0.003104,-0.005607,0.213789
556,0.627618,1.252735,0.409530,0.689716,1.228474,0.378985,-0.062097,0.024261,0.030545,0.005378
557,0.695563,0.702306,0.323718,0.758843,0.673163,0.327922,-0.063281,0.029143,-0.004204,0.004871
558,1.231792,1.478373,0.178440,1.279144,1.717730,0.084445,-0.047352,-0.239358,0.093995,0.068369
559,1.423995,1.603502,0.198498,1.200205,1.621314,0.206780,0.223790,-0.017813,-0.008282,0.050468
560,0.607466,1.665158,0.229365,0.615917,1.783703,0.086140,-0.008451,-0.118545,0.143225,0.034638
561,1.886207,0.634392,0.368699,2.692271,0.644289,0.392557,-0.806064,-0.009897,-0.023858,0.650407
562,1.135311,1.022462,0.228295,1.061120,1.035333,0.231241,0.074191,-0.012871,-0.002946,0.005679
563,1.390816,0.536310,0.221928,1.984057,0.553720,0.218472,-0.593241,-0.017410,0.003456,0.352250
564,1.981478,1.424331,0.496064,2.865354,2.410436,0.412197,-0.883877,-0.986105,0.083867,1.760674
565,1.163315,0.718728,0.117951,0.627375,0.646288,0.152168,0.535940,0.072439,-0.034217,0.293650
566,1.727258,0.799528,0.249528,1.224313,0.791792,0.235925,0.502945,0.007736,0.013603,0.253199
567,1.636601,1.779146,0.144949,1.742195,2.102843,0.157533,-0.105594,-0.323697,-0.012584,0.116088
568,0.581807,1.923411,0.470692,0.580390,1.892886,0.504317,0.001417,0.030526,-0.033625,0.002064
569,1.803129,1.730201,0.105493,1.493794,1.470902,0.134694,0.309335,0.259299,-0.029200,0.163776
570,1.540693,0.666917,0.280025,1.833869,0.755939,0.235598,-0.293177,-0.089022,0.044427,0.095851
571,0.534122,0.813514,0.315202,0.393333,0.768511,0.329516,0.140789,0.045003,-0.014314,0.022052
572,0.805702,1.284899,0.203463,1.196389,1.296065,0.248486,-0.390687,-0.011166,-0.045023,0.154788
573,1.224539,1.594885,0.156539,1.178273,1.472156,0.260162,0.046267,0.122730,-0.103623,0.027941
574,1.548133,0.527583,0.333202,1.427860,0.511876,0.342380,0.120272,0.015707,-0.009178,0.014796
575,1.495293,0.565223,0.168128,0.708089,0.572619,0.164920,0.787203,-0.007396,0.003207,0.619754
576,0.926020,1.683783,0.347186,0.887596,1.746964,0.259502,0.038425,-0.063181,0.087684,0.013157
577,0.579628,1.482137,0.103334,0.601724,1.611040,-0.096441,-0.022096,-0.128903,0.199774,0.057014
578,1.082968,0.906966,0.440833,1.777765,0.975720,0.462034,-0.694797,-0.068755,-0.021201,0.487919
579,1.490151,1.796423,0.107631,1.667112,2.197549,0.075553,-0.176962,-0.401126,0.032078,0.193246
580,1.801116,1.474117,0.192467,1.608039,1.366400,0.206209,0.193077,0.107716,-0.013741,0.049070
581,1.071052,1.964918,0.139841,0.932744,1.859676,0.080099,0.138308,0.105242,0.059742,0.033774
582,0.973184,1.800159,0.312624,1.017287,1.912843,0.140481,-0.044103,-0.112684,0.172143,0.044276
583,0.779626,1.250976,0.283195,0.470994,1.084569,0.391323,0.308632,0.166407,-0.108129,0.134637
584,1.889525,0.532233,0.198957,1.905403,0.508764,0.215353,-0.015878,0.023469,-0.016396,0.001072
585,1.294123,1.000354,0.257360,1.633833,1.061676,0.328332,-0.339710,-0.061322,-0.070972,0.124200
586,0.735508,1.020170,0.240765,0.539822,0.946286,0.313052,0.195686,0.073884,-0.072287,0.048977
587,1.437846,0.854307,0.491298,1.983175,0.874658,0.492456,-0.545329,-0.020351,-0.001158,0.297799
588,1.251877,1.717839,0.350317,1.159475,1.496023,0.344163,0.092402,0.221816,0.006154,0.057778
589,1.818016,1.835603,0.425943,1.872655,1.956346,0.391140,-0.054639,-0.120743,0.034804,0.018776
590,0.544199,1.332409,0.212078,0.399121,1.279878,0.179582,0.145078,0.052531,0.032495,0.024863
591,0.727562,1.845763,0.362773,0.423412,1.726184,0.323108,0.304150,0.119579,0.039665,0.108380
592,0.631693,1.073311,0.484242,0.679226,1.076060,0.506234,-0.047533,-0.002749,-0.021992,0.002751
593,1.418673,1.438287,0.190971,1.421682,1.545511,0.117901,-0.003009,-0.107224,0.073070,0.016845
594,0.860541,0.729124,0.488215,0.995083,0.734499,0.492685,-0.134542,-0.005375,-0.004470,0.018150
595,1.864603,0.993927,0.316894,2.414794,1.219333,0.259341,-0.550191,-0.225406,0.057553,0.356831
596,0.810136,0.707865,0.316542,0.423053,0.714522,0.318046,0.387083,-0.006658,-0.001504,0.149880
597,1.700158,1.793881,0.223599,1.718070,1.713806,0.240350,-0.017912,0.080075,-0.016751,0.007013
598,1.557705,1.285708,0.154101,1.869202,1.344053,0.228768,-0.311497,-0.058344,-0.074667,0.106010
599,1.993529,1.963665,0.158061,2.403460,2.873671,-0.026203,-0.409932,-0.910006,0.184263,1.030108
600,1.899545,1.875668,0.226998,2.274684,3.036358,0.024731,-0.375139,-1.160690,0.202268,1.528842
601,1.336010,1.922902,0.147355,1.568111,2.336289,0.043127,-0.232101,-0.413387,0.104228,0.235623
602,0.976396,1.819457,0.390832,1.343044,2.192362,0.433114,-0.366648,-0.372905,-0.042282,0.275276
603,1.648153,1.820198,0.265616,1.826309,1.612235,0.311834,-0.178156,0.207963,-0.046218,0.077124
604,1.116878,1.164507,0.473507,0.883614,1.097086,0.506017,0.233263,0.067421,-0.032509,0.060014
605,1.841195,1.899875,0.209518,1.893907,1.934393,0.220742,-0.052712,-0.034518,-0.011224,0.004096
606,1.668662,0.660157,0.173899,1.509964,0.642003,0.161888,0.158698,0.018155,0.012011,0.025659
607,1.643671,1.417972,0.206745,1.377522,1.259219,0.197709,0.266150,0.158754,0.009036,0.096120
608,1.350565,0.846367,0.192873,2.089364,0.931341,0.205002,-0.738800,-0.084974,-0.012129,0.553192
609,1.531067,1.038892,0.375257,1.636015,1.060260,0.387202,-0.104948,-0.021368,-0.011946,0.011613
610,1.214903,1.253487,0.341885,0.814425,1.190289,0.331063,0.400479,0.063198,0.010822,0.164494
611,1.568029,1.060939,0.440852,1.306000,1.061481,0.381309,0.262029,-0.000542,0.059543,0.072205
612,1.237168,0.706269,0.177304,1.177156,0.719784,0.159837,0.060012,-0.013515,0.017467,0.004089
613,0.548344,1.646808,0.106006,0.558888,1.516043,0.170065,-0.010543,0.130765,-0.064059,0.021314
614,0.904788,1.119566,0.396947,1.057566,1.169443,0.356790,-0.152778,-0.049876,0.040156,0.027441
615,1.982365,1.636665,0.126455,2.122883,1.725749,0.211493,-0.140517,-0.089084,-0.085038,0.034913
616,1.890655,1.978441,0.446852,2.586872,2.669925,0.534820,-0.696217,-0.691484,-0.087968,0.970607
617,1.234914,0.987343,0.283018,0.789089,0.926242,0.226340,0.445825,0.061101,0.056678,0.205706
618,0.870176,1.107300,0.116731,0.854032,1.135086,0.098665,0.016143,-0.027786,0.018066,0.001359
619,1.602998,1.070561,0.225159,1.088806,1.009006,0.207065,0.514191,0.061555,0.018094,0.268509
620,1.417257,1.613702,0.337522,1.417605,1.772219,0.257338,-0.000347,-0.158517,0.080184,0.031557
621,1.287846,1.813674,0.414768,1.177471,2.133646,0.234000,0.110375,-0.319972,0.180768,0.147242
622,1.280974,1.177414,0.430804,0.922913,1.190375,0.392966,0.358061,-0.012961,0.037838,0.129807
623,0.563624,1.993755,0.307481,0.647022,1.697951,0.716611,-0.083398,0.295803,-0.409130,0.261842
624,1.093417,1.602755,0.323080,1.521606,1.651088,0.421727,-0.428189,-0.048333,-0.098647,0.195413
625,1.274190,1.445973,0.119718,1.306411,1.327760,0.162822,-0.032221,0.118213,-0.043104,0.016870
626,0.936769,1.097060,0.221822,0.400837,1.011547,0.288452,0.535933,0.085513,-0.066631,0.298976
627,1.741432,1.192021,0.268985,2.407063,1.522005,0.180791,-0.665631,-0.329984,0.088194,0.559733
628,1.419701,0.581820,0.306788,2.419823,0.572891,0.329820,-1.000122,0.008929,-0.023032,1.000854
629,0.713359,1.744840,0.280679,0.721931,1.521768,0.499552,-0.008572,0.223072,-0.218873,0.097740
630,1.583970,0.669757,0.411492,1.968380,0.704282,0.425642,-0.384410,-0.034524,-0.014150,0.149163
631,1.906764,1.544171,0.154123,1.839786,1.600425,0.077368,0.066978,-0.056253,0.076754,0.013542
632,1.120339,1.176329,0.171551,1.125044,1.099302,0.185353,-0.004705,0.077027,-0.013802,0.006146
633,1.385473,1.568952,0.180773,1.243484,1.564886,0.128809,0.141989,0.004066,0.051964,0.022878
634,1.182025,0.875123,0.376687,1.440141,0.762850,0.398443,-0.258117,0.112273,-0.021756,0.079703
635,1.860744,1.694729,0.387350,1.877660,1.951132,0.287529,-0.016916,-0.256403,0.099821,0.075993
636,0.685316,0.671247,0.279759,0.788103,0.648171,0.305140,-0.102787,0.023076,-0.025381,0.011742
637,1.044415,1.285726,0.253635,0.721659,1.174098,0.261761,0.322756,0.111628,-0.008126,0.116699
638,1.686600,1.267500,0.479902,2.144891,1.372769,0.463481,-0.458291,-0.105269,0.016420,0.221382
639,1.068018,1.070911,0.407304,0.862378,1.124102,0.379907,0.205640,-0.053191,0.027397,0.045868
640,1.868379,1.348237,0.363812,2.157134,1.364977,0.350736,-0.288755,-0.016740,0.013077,0.083831
641,0.725135,1.803228,0.171547,0.737130,1.880664,0.148922,-0.011996,-0.077436,0.022625,0.006652
642,1.568071,1.129373,0.223807,0.793290,0.921337,0.228847,0.774781,0.208036,-0.005040,0.643590
643,1.652946,1.169387,0.350581,2.094641,1.048974,0.468387,-0.441696,0.120413,-0.117805,0.223473
644,0.676331,0.697357,0.181141,0.962583,0.643102,0.194912,-0.286252,0.054255,-0.013771,0.085074
645,1.433840,0.879666,0.283457,1.403385,0.782830,0.282553,0.030456,0.096836,0.000904,0.010306
646,1.783117,1.315252,0.102300,2.284915,1.603369,0.112395,-0.501798,-0.288117,-0.010094,0.334915
647,1.824054,0.856818,0.335545,1.836270,0.844428,0.360393,-0.012215,0.012390,-0.024848,0.000920
648,1.213568,1.115227,0.131762,1.641119,1.185722,0.167613,-0.427551,-0.070495,-0.035851,0.189054
649,1.400153,0.867070,0.318937,1.251535,0.877812,0.250079,0.148618,-0.010742,0.068858,0.026944
650,1.429649,1.336323,0.430101,1.238520,1.251976,0.444751,0.191129,0.084347,-0.014650,0.043859
651,0.573378,0.722384,0.361311,0.543968,0.745384,0.338115,0.029410,-0.023000,0.023196,0.001932
652,0.555082,1.780744,0.366799,0.346292,1.787624,0.223938,0.208790,-0.006880,0.142861,0.064050
653,1.757022,0.947662,0.468154,1.912810,1.017304,0.454453,-0.155789,-0.069642,0.013701,0.029308
654,0.573547,1.125435,0.171299,-0.170992,1.173570,0.140770,0.744539,-0.048135,0.030529,0.557587
655,1.508136,1.416635,0.376605,1.674894,1.499979,0.384443,-0.166758,-0.083344,-0.007837,0.034816
656,1.392453,1.680961,0.170968,1.151054,1.690547,-0.019053,0.241400,-0.009586,0.190021,0.094474
657,1.183007,1.368449,0.472592,1.242770,1.247695,0.457632,-0.059763,0.120754,0.014960,0.018377
658,0.639689,0.948942,0.247428,0.998824,0.970542,0.268877,-0.359135,-0.021600,-0.021450,0.129904
659,1.068409,0.601500,0.270930,0.889937,0.574002,0.260447,0.178472,0.027498,0.010483,0.032718
660,1.325707,0.939249,0.153818,1.447925,0.957435,0.180067,-0.122218,-0.018186,-0.026248,0.015957
661,1.541929,0.911628,0.310821,2.271670,0.967229,0.320268,-0.729741,-0.055601,-0.009447,0.535702
662,1.286969,1.543744,0.344821,1.176279,1.474651,0.405880,0.110690,0.069094,-0.061059,0.020754
663,0.663953,1.594593,0.351591,0.723105,1.519298,0.453080,-0.059152,0.075295,-0.101488,0.019468
664,1.980784,1.225494,0.375462,1.887203,1.331232,0.399320,0.093581,-0.105738,-0.023858,0.020507
665,1.900838,1.979418,0.214875,1.850884,1.979357,0.210645,0.049953,0.000060,0.004230,0.002513
666,1.413267,0.974733,0.310156,1.002415,0.967065,0.283762,0.410852,0.007668,0.026394,0.169555
667,1.992537,1.030780,0.151885,1.615684,1.073601,0.067107,0.376852,-0.042821,0.084779,0.151039
668,1.343952,1.279559,0.352743,1.319613,1.175040,0.420200,0.024339,0.104519,-0.067457,0.016067
669,1.238757,0.769861,0.343762,1.556534,0.890629,0.338449,-0.317777,-0.120768,0.005313,0.115596
670,1.562881,1.968886,0.100632,1.606494,1.832835,0.187102,-0.043614,0.136051,-0.086470,0.027889
671,0.535980,1.438191,0.147170,0.280491,1.445554,0.127313,0.255489,-0.007363,0.019858,0.065723
672,1.772105,1.699347,0.499595,1.312115,1.321989,0.596552,0.459990,0.377358,-0.096958,0.363390
673,1.121062,1.000688,0.324166,0.711899,1.026674,0.313705,0.409163,-0.025985,0.010462,0.168199
674,1.456255,0.516946,0.180475,1.296626,0.477423,0.179129,0.159629,0.039523,0.001346,0.027045
675,0.922440,1.685293,0.223109,1.114778,1.745559,0.184124,-0.192338,-0.060266,0.038985,0.042146
676,1.260034,0.985886,0.102453,1.184331,1.044271,0.098649,0.075703,-0.058385,0.003804,0.009154
677,1.528754,1.012042,0.389759,1.520808,1.019588,0.364347,0.007945,-0.007545,0.025411,0.000766
678,1.423990,0.543676,0.170252,1.029741,0.601160,0.162944,0.394249,-0.057484,0.007307,0.158790
679,0.995772,1.006905,0.368989,1.070710,1.026059,0.369362,-0.074938,-0.019154,-0.000373,0.005983
680,1.874245,1.695882,0.358261,1.840886,1.599469,0.402140,0.033359,0.096413,-0.043879,0.012334
681,1.222243,1.440801,0.456823,1.370221,1.265928,0.555952,-0.147978,0.174873,-0.099129,0.062305
682,1.305451,1.002664,0.413596,1.467664,1.056507,0.384061,-0.162213,-0.053843,0.029535,0.030084
683,1.120930,1.613877,0.434042,1.234313,1.780119,0.317893,-0.113384,-0.166242,0.116149,0.053983
684,0.949016,1.587446,0.226201,1.110479,1.752316,0.054851,-0.161463,-0.164870,0.171350,0.082613
685,1.303828,0.812394,0.374197,1.075712,0.901171,0.352485,0.228116,-0.088778,0.021712,0.060390
686,1.699303,1.832044,0.241438,1.656228,1.777798,0.231794,0.043075,0.054246,0.009644,0.004891
687,1.954420,0.920690,0.112469,2.103091,1.044760,0.114170,-0.148671,-0.124070,-0.001701,0.037499
688,1.975428,1.439766,0.436962,2.212870,1.655570,0.443933,-0.237442,-0.215804,-0.006971,0.102999
689,1.356472,1.084349,0.338077,1.130279,1.226507,0.309739,0.226194,-0.142157,0.028337,0.072175
690,1.796891,1.627310,0.382106,1.385034,1.404955,0.436137,0.411857,0.222355,-0.054031,0.221987
691,0.971749,0.547442,0.265548,0.928617,0.550093,0.271501,0.043132,-0.002650,-0.005953,0.001903
692,1.245582,0.856463,0.280763,1.358802,0.910186,0.258518,-0.113220,-0.053723,0.022244,0.016200
693,1.926090,0.824210,0.220927,1.369604,0.802139,0.207118,0.556486,0.022071,0.013809,0.310354
694,0.668347,1.677416,0.411116,0.537166,1.804656,0.171449,0.131181,-0.127240,0.239668,0.090839
695,1.870031,1.165661,0.109974,2.233063,1.125049,0.121222,-0.363032,0.040612,-0.011248,0.133568
696,1.223995,1.250081,0.176085,1.618045,1.552679,0.151809,-0.394051,-0.302598,0.024276,0.247431
697,1.885455,1.598662,0.309451,1.713167,1.466468,0.343887,0.172288,0.132193,-0.034436,0.048344
698,1.663300,0.714943,0.448720,1.703037,0.726210,0.441229,-0.039738,-0.011267,0.007491,0.001762
699,1.733208,1.907036,0.370687,1.507387,1.666662,0.409698,0.225820,0.240373,-0.039011,0.110296
700,0.699076,1.586856,0.283747,0.745248,1.474157,0.298202,-0.046172,0.112699,-0.014455,0.015042
701,1.570516,1.283517,0.101644,1.392081,1.246049,0.104230,0.178435,0.037469,-0.002586,0.033250
702,1.898506,1.530578,0.337715,2.216983,1.652499,0.315278,-0.318477,-0.121920,0.022437,0.116795
703,0.630614,1.200314,0.118456,0.941485,1.166894,0.162666,-0.310871,0.033420,-0.044210,0.099712
704,1.280867,1.488476,0.224992,1.162613,1.491985,0.262383,0.118253,-0.003508,-0.037391,0.015394
705,1.366340,0.968214,0.456854,1.260584,0.981103,0.429364,0.105756,-0.012889,0.027490,0.012106
706,0.981321,0.788818,0.210660,1.025031,0.826607,0.181064,-0.043710,-0.037789,0.029596,0.004215
707,0.978725,1.161673,0.147060,0.658475,1.109970,0.124962,0.320249,0.051704,0.022098,0.105721
708,0.723981,0.910455,0.106103,1.076700,1.020351,0.073016,-0.352719,-0.109896,0.033086,0.137583
709,1.434417,1.271091,0.182631,1.455255,1.191956,0.185316,-0.020838,0.079135,-0.002685,0.006704
710,1.025477,0.977727,0.156623,0.798162,1.061561,0.070616,0.227315,-0.083834,0.086007,0.066098
711,1.556531,0.924902,0.197930,1.709742,1.014540,0.174294,-0.153212,-0.089638,0.023636,0.032067
712,0.606864,1.419894,0.235496,0.617142,1.372939,0.230952,-0.010277,0.046955,0.004543,0.002331
713,1.165471,0.695111,0.288294,2.271855,0.763517,0.284590,-1.106384,-0.068406,0.003704,1.228778
714,1.513244,0.658890,0.121520,0.802991,0.636153,0.131556,0.710253,0.022737,-0.010036,0.505077
715,1.139699,0.768474,0.338449,1.272281,0.863498,0.301064,-0.132582,-0.095024,0.037385,0.028005
716,1.389134,1.754262,0.379746,2.268331,3.044862,0.184499,-0.879196,-1.290601,0.195247,2.476758
717,1.424473,0.968661,0.426977,1.802002,1.079860,0.383392,-0.377529,-0.111199,0.043585,0.156793
718,1.569348,1.506305,0.313394,2.519708,2.741094,0.189104,-0.950360,-1.234788,0.124290,2.443333
719,1.960523,1.633614,0.286278,2.083369,1.758480,0.229981,-0.122846,-0.124865,0.056298,0.033852
720,0.697693,1.719277,0.467876,0.728561,1.902783,0.418576,-0.030869,-0.183506,0.049299,0.037058
721,1.202414,1.183376,0.373791,0.974636,1.127203,0.362601,0.227778,0.056174,0.011191,0.055163
722,1.565324,1.198095,0.192678,1.962962,1.279855,0.211593,-0.397638,-0.081760,-0.018915,0.165158
723,0.835692,1.791644,0.346777,0.649303,1.691988,0.263449,0.186389,0.099657,0.083328,0.051616
724,1.869292,1.088115,0.379846,1.581855,1.096561,0.328149,0.287437,-0.008446,0.051697,0.085364
725,1.497771,1.683168,0.452962,1.506279,1.667889,0.443487,-0.008508,0.015279,0.009475,0.000396
726,1.179925,0.545396,0.290134,0.948896,0.538337,0.284214,0.231028,0.007059,0.005919,0.053459
727,1.027161,1.191863,0.168321,1.538433,1.428223,0.164525,-0.511271,-0.236360,0.003796,0.317279
728,1.651912,1.406660,0.150958,2.074225,1.211202,0.207812,-0.422312,0.195458,-0.056854,0.219784
729,0.654398,1.726329,0.418703,0.798138,1.736910,0.427861,-0.143740,-0.010581,-0.009158,0.020857
730,0.988805,1.474177,0.416972,1.284772,1.514596,0.418076,-0.295967,-0.040419,-0.001104,0.089231
731,1.299118,1.101225,0.265377,1.919075,1.534301,0.130166,-0.619957,-0.433076,0.135211,0.590184
732,1.431312,1.321924,0.489557,1.501798,1.295721,0.584504,-0.070485,0.026203,-0.094947,0.014670
733,1.075725,1.011071,0.425566,1.032624,1.063903,0.404840,0.043101,-0.052832,0.020726,0.005078
734,1.386455,1.676471,0.274141,1.265717,1.537398,0.322910,0.120738,0.139073,-0.048769,0.036298
735,1.680990,1.316790,0.194462,1.831594,1.371650,0.141512,-0.150603,-0.054860,0.052950,0.028495
736,1.493918,0.616842,0.472345,1.472110,0.658511,0.447069,0.021808,-0.041669,0.025277,0.002851
737,1.361282,1.229945,0.336865,1.364886,1.270877,0.318878,-0.003603,-0.040931,0.017987,0.002012
738,1.194363,1.332632,0.428809,1.336188,1.456315,0.374239,-0.141825,-0.123683,0.054570,0.038390
739,0.764261,1.933825,0.127843,0.342462,1.807612,0.068669,0.421799,0.126213,0.059174,0.197345
740,0.663117,1.721100,0.408537,0.652069,1.684809,0.401243,0.011048,0.036291,0.007294,0.001492
741,1.068367,1.241443,0.364066,1.657027,1.326004,0.422246,-0.588660,-0.084561,-0.058180,0.357057
742,0.635800,1.725550,0.454905,0.660020,1.873827,0.382819,-0.024220,-0.148277,0.072085,0.027769
743,1.854884,1.454199,0.100074,2.262545,1.619221,0.139557,-0.407661,-0.165022,-0.039483,0.194979
744,0.720088,0.723825,0.312502,0.469330,0.644069,0.345867,0.250758,0.079755,-0.033365,0.070354
745,1.084974,1.366897,0.178267,1.173153,1.658701,0.094746,-0.088179,-0.291804,0.083521,0.099901
746,1.522275,0.974897,0.328111,1.469316,1.055319,0.304128,0.052959,-0.080423,0.023982,0.009848
747,1.869806,0.956825,0.477333,2.311548,0.950542,0.465283,-0.441742,0.006283,0.012050,0.195320
748,1.152091,1.973870,0.237706,1.047340,1.857954,0.241717,0.104750,0.115916,-0.004011,0.024425
749,0.633931,0.512179,0.494569,1.670966,0.507071,0.501471,-1.037035,0.005108,-0.006903,1.075515
750,1.106296,0.691334,0.217674,1.009096,0.724299,0.208082,0.097200,-0.032966,0.009592,0.010627
751,1.053834,1.323328,0.121251,1.530289,1.435824,0.147707,-0.476454,-0.112496,-0.026456,0.240364
752,1.555031,1.731130,0.243698,1.682422,1.750119,0.303433,-0.127391,-0.018989,-0.059735,0.020157
753,1.791872,1.798519,0.194096,2.266376,3.047488,-0.009116,-0.474504,-1.248969,0.203213,1.826373
754,1.553333,1.091402,0.227251,1.562586,0.992328,0.257720,-0.009253,0.099075,-0.030469,0.010830
755,1.074184,1.072348,0.318048,0.878035,1.104056,0.296402,0.196149,-0.031709,0.021646,0.039948
756,1.493731,1.212307,0.175291,1.833933,1.198094,0.242167,-0.340201,0.014213,-0.066876,0.120411
757,1.076893,1.886723,0.435985,0.975247,1.778627,0.527562,0.101645,0.108096,-0.091577,0.030403
758,0.731401,1.996184,0.368026,0.617438,1.779308,0.653446,0.113963,0.216876,-0.285420,0.141487
759,0.701416,0.607619,0.106283,1.033765,0.598820,0.118265,-0.332348,0.008799,-0.011982,0.110676
760,1.582009,1.230052,0.274694,1.507035,1.291218,0.224182,0.074974,-0.061166,0.050512,0.011914
761,1.985326,0.626995,0.356897,1.382420,0.528702,0.389652,0.602907,0.098294,-0.032755,0.374231
762,1.123783,1.184043,0.415571,1.286465,1.205316,0.455246,-0.162682,-0.021273,-0.039675,0.028492
763,1.406644,1.138556,0.171919,1.620095,1.070679,0.210487,-0.213451,0.067878,-0.038568,0.051656
764,1.264122,1.328075,0.280018,0.961707,1.441493,0.217469,0.302415,-0.113418,0.062550,0.108231
765,1.032961,0.778687,0.341829,0.500362,0.810343,0.314067,0.532598,-0.031656,0.027763,0.285434
766,1.366908,1.770206,0.194700,1.446450,1.736877,0.225613,-0.079542,0.033329,-0.030913,0.008393
767,1.252593,1.116257,0.318467,1.387733,1.249953,0.224706,-0.135139,-0.133697,0.093761,0.044929
768,1.050455,1.967350,0.327260,1.036792,1.876857,0.384113,0.013663,0.090493,-0.056854,0.011608
769,1.557324,0.669747,0.292613,2.116141,0.732748,0.279278,-0.558817,-0.063001,0.013335,0.316424
770,1.535746,0.713131,0.392517,0.793858,0.643472,0.400467,0.741888,0.069659,-0.007950,0.555313
771,1.975369,1.975503,0.411548,2.423129,2.850346,0.299021,-0.447760,-0.874843,0.112527,0.978502
772,1.197404,0.617352,0.455966,1.040736,0.594809,0.459478,0.156669,0.022543,-0.003512,0.025066
773,0.632670,1.208677,0.396674,0.686096,1.412923,0.338424,-0.053426,-0.204246,0.058250,0.047964
774,1.940617,0.617123,0.353475,2.757442,0.562332,0.361291,-0.816826,0.054791,-0.007816,0.670267
775,1.697147,0.968750,0.121110,1.838928,0.843207,0.159458,-0.141780,0.125542,-0.038349,0.037333
776,1.015319,1.667791,0.287548,0.979677,1.582763,0.223911,0.035642,0.085027,0.063637,0.012550
777,1.268995,1.203849,0.393526,1.193015,1.162009,0.432407,0.075979,0.041840,-0.038881,0.009035
778,1.131524,1.940872,0.419289,1.381548,2.131260,0.221696,-0.250024,-0.190388,0.197594,0.137803
779,0.933813,0.552989,0.469146,0.747423,0.542484,0.469554,0.186390,0.010505,-0.000408,0.034852
780,1.624138,1.590458,0.325483,1.177151,1.473559,0.362281,0.446987,0.116899,-0.036798,0.214817
781,0.592127,1.209741,0.167632,0.707388,1.370395,0.085981,-0.115261,-0.160654,0.081650,0.045762
782,0.577430,1.985547,0.423558,0.222944,1.818685,0.336156,0.354486,0.166862,0.087403,0.161142
783,1.436476,0.930223,0.133004,1.351815,0.914890,0.132896,0.084660,0.015333,0.000108,0.007402
784,1.258394,1.777168,0.211140,1.292549,1.505482,0.247210,-0.034155,0.271686,-0.036070,0.076281
785,0.698808,0.921458,0.443143,0.617915,0.826693,0.481037,0.080893,0.094765,-0.037894,0.016960
786,0.521305,0.667324,0.169846,0.913735,0.677483,0.159411,-0.392430,-0.010158,0.010434,0.154213
787,1.387655,0.726703,0.278661,1.165257,0.727134,0.255834,0.222398,-0.000431,0.022827,0.049982
788,1.711761,0.891879,0.380310,3.836767,1.800150,0.296747,-2.125006,-0.908271,0.083563,5.347590
789,1.227378,1.699058,0.444806,1.178676,1.650929,0.491532,0.048702,0.048129,-0.046727,0.006872
790,1.014272,0.626602,0.158028,1.837435,0.673092,0.156004,-0.823163,-0.046490,0.002024,0.679763
791,1.900913,0.731225,0.298379,2.236143,0.775711,0.291172,-0.335230,-0.044486,0.007208,0.114410
792,1.990378,1.655552,0.195179,2.044908,1.791553,0.136009,-0.054530,-0.136002,0.059170,0.024971
793,1.160278,1.456362,0.184343,1.207563,1.611436,0.103739,-0.047285,-0.155074,0.080604,0.032781
794,1.601542,1.017614,0.356904,1.189362,0.923699,0.379964,0.412180,0.093915,-0.023060,0.179244
795,1.633226,0.673992,0.167040,1.688614,0.732413,0.157766,-0.055388,-0.058421,0.009274,0.006567
796,1.098117,0.952051,0.398460,1.605353,0.965892,0.398603,-0.507236,-0.013841,-0.000143,0.257480
797,1.628642,1.298781,0.251920,1.666160,1.318736,0.149496,-0.037518,-0.019954,0.102425,0.012297
798,1.558412,1.211884,0.158060,1.848550,1.359068,0.120815,-0.290138,-0.147184,0.037245,0.107231
799,1.805417,0.517795,0.470889,2.281831,0.481461,0.484879,-0.476414,0.036334,-0.013990,0.228486
800,1.173231,1.517740,0.484705,1.105713,1.402350,0.583739,0.067517,0.115390,-0.099034,0.027681
801,1.524314,0.561526,0.467085,0.858103,0.472513,0.481989,0.666212,0.089013,-0.014905,0.451983
802,1.456136,1.934275,0.272714,1.600660,1.839516,0.367560,-0.144524,0.094760,-0.094845,0.038862
803,1.877063,1.787534,0.233987,2.108735,1.737326,0.256281,-0.231672,0.050207,-0.022294,0.056690
804,0.900632,0.647415,0.361737,1.673707,0.656395,0.378638,-0.773075,-0.008979,-0.016901,0.598012
805,1.086731,1.659727,0.399636,1.241405,1.567506,0.388512,-0.154675,0.092221,0.011125,0.032553
806,1.601470,1.383086,0.177970,2.245979,1.631165,0.213438,-0.644509,-0.248078,-0.035467,0.478192
807,1.006110,1.535417,0.171967,0.836493,1.478509,0.150907,0.169617,0.056908,0.021059,0.032452
808,1.321419,1.509203,0.432676,1.458998,1.333730,0.507511,-0.137579,0.175473,-0.074835,0.055319
809,0.517942,0.646548,0.141563,0.158470,0.631563,0.153687,0.359473,0.014986,-0.012124,0.129592
810,1.168913,0.829124,0.213319,0.614672,0.831054,0.209857,0.554241,-0.001930,0.003462,0.307199
811,0.789619,0.535551,0.136777,1.489127,0.568989,0.112571,-0.699508,-0.033439,0.024206,0.491016
812,1.907758,1.484908,0.434184,1.913928,1.538428,0.517738,-0.006169,-0.053519,-0.083554,0.009884
813,1.925733,1.457124,0.383230,1.884698,1.562287,0.396409,0.041035,-0.105162,-0.013179,0.012917
814,0.679966,1.784661,0.151963,0.868156,1.998029,0.116990,-0.188190,-0.213368,0.034973,0.082165
815,1.484592,1.849846,0.326428,1.450344,2.030166,0.319299,0.034248,-0.180320,0.007128,0.033739
816,1.950748,1.844002,0.378261,1.863308,1.966160,0.265688,0.087441,-0.122158,0.112574,0.035241
817,0.880004,1.200433,0.474473,0.331012,1.224925,0.423736,0.548992,-0.024492,0.050737,0.304566
818,1.458171,1.884043,0.210553,1.827763,2.004396,0.290135,-0.369592,-0.120353,-0.079581,0.157417
819,1.140475,1.855087,0.407952,1.128595,1.724188,0.582953,0.011880,0.130899,-0.175001,0.047901
820,0.985106,0.742949,0.129599,0.769685,0.804276,0.099829,0.215421,-0.061327,0.029769,0.051054
821,1.665659,1.074199,0.233062,1.816998,1.070948,0.246239,-0.151339,0.003251,-0.013177,0.023088
822,0.590088,1.933409,0.205866,0.284455,1.795806,0.253532,0.305633,0.137602,-0.047666,0.114618
823,1.160862,1.237583,0.471435,0.943147,1.164837,0.524050,0.217715,0.072746,-0.052616,0.055460
824,1.415453,0.767663,0.296823,1.389915,0.790417,0.288310,0.025538,-0.022754,0.008513,0.001242
825,0.715809,1.653061,0.187355,0.700788,1.567681,0.276919,0.015021,0.085380,-0.089564,0.015537
826,1.465007,1.868914,0.386160,1.762114,2.079072,0.439238,-0.297107,-0.210158,-0.053078,0.135256
827,0.654931,0.609379,0.328538,0.743761,0.545155,0.334792,-0.088830,0.064224,-0.006254,0.012055
828,0.875895,1.168823,0.458605,0.921493,1.051989,0.509190,-0.045599,0.116834,-0.050585,0.018288
829,0.723281,1.460503,0.473157,0.593881,1.426712,0.430673,0.129400,0.033791,0.042485,0.019691
830,1.496909,0.899655,0.380022,1.420261,0.870800,0.413456,0.076648,0.028855,-0.033433,0.007825
831,1.856926,1.361960,0.306153,1.712778,1.282843,0.267647,0.144149,0.079118,0.038506,0.028521
832,1.909867,1.236019,0.274423,1.861137,1.180582,0.323824,0.048730,0.055437,-0.049401,0.007888
833,1.766074,1.671406,0.414153,1.773482,1.660259,0.484480,-0.007409,0.011147,-0.070327,0.005125
834,1.310193,0.504961,0.481662,0.807145,0.502345,0.486520,0.503048,0.002616,-0.004858,0.253088
835,1.726965,1.223100,0.326898,1.591138,1.380914,0.300582,0.135827,-0.157814,0.026316,0.044047
836,1.902563,1.038377,0.372734,2.442847,1.205331,0.345334,-0.540283,-0.166954,0.027400,0.320530
837,1.100922,1.448409,0.483530,1.164392,1.489706,0.534026,-0.063470,-0.041297,-0.050496,0.008284
838,0.636000,1.301939,0.484370,0.933994,1.324165,0.403784,-0.297994,-0.022226,0.080586,0.095788
839,0.620685,1.189459,0.406603,0.566607,1.289937,0.357277,0.054078,-0.100478,0.049326,0.015453
840,1.471689,0.764927,0.115732,1.201419,0.705248,0.132632,0.270270,0.059680,-0.016899,0.076893
841,1.076246,0.786505,0.378353,1.131511,0.856731,0.359038,-0.055266,-0.070226,0.019315,0.008359
842,1.844691,1.445926,0.243704,2.018745,1.458549,0.234920,-0.174054,-0.012624,0.008785,0.030531
843,0.627294,1.449187,0.394130,0.722198,1.342292,0.429517,-0.094904,0.106895,-0.035387,0.021686
844,0.709914,0.789639,0.387896,0.259569,0.773092,0.392042,0.450346,0.016547,-0.004147,0.203102
845,1.389418,1.233849,0.125197,1.610044,1.208607,0.087497,-0.220626,0.025242,0.037700,0.050734
846,1.310828,0.961596,0.313576,1.795364,1.083852,0.296778,-0.484536,-0.122256,0.016798,0.250004
847,1.751375,1.173961,0.498333,1.765039,1.244859,0.505495,-0.013664,-0.070898,-0.007162,0.005265
848,0.555564,0.584082,0.415111,0.567412,0.532736,0.429223,-0.011848,0.051345,-0.014112,0.002976
849,0.564222,0.677281,0.422841,1.054099,0.587268,0.449287,-0.489878,0.090012,-0.026446,0.248782
850,1.500975,1.187556,0.371231,0.934330,1.037536,0.409709,0.566645,0.150020,-0.038478,0.345073
851,1.811383,0.723430,0.331738,2.658552,0.826474,0.292684,-0.847169,-0.103044,0.039054,0.729839
852,1.887224,0.555317,0.156636,2.661584,0.520853,0.181718,-0.774360,0.034463,-0.025082,0.601451
853,1.480747,1.206829,0.467208,2.358223,1.553527,0.461207,-0.877475,-0.346697,0.006001,0.890198
854,0.568703,1.551945,0.152215,0.140701,1.426217,0.156271,0.428001,0.125728,-0.004055,0.199009
855,0.758374,0.574937,0.222935,0.725695,0.558727,0.223175,0.032679,0.016210,-0.000240,0.001331
856,1.690546,1.184277,0.168276,1.905532,1.153077,0.191797,-0.214987,0.031200,-0.023521,0.047746
857,1.386564,1.726700,0.142532,1.391865,1.804993,0.068797,-0.005301,-0.078292,0.073736,0.011595
858,1.245715,1.698763,0.188229,1.065530,1.627923,0.128285,0.180185,0.070840,0.059944,0.041078
859,1.706680,1.139317,0.424608,2.104303,1.193890,0.423219,-0.397623,-0.054572,0.001390,0.161084
860,1.973289,1.517597,0.229694,2.943459,2.346476,0.251582,-0.970170,-0.828879,-0.021888,1.628749
861,1.963780,1.363951,0.154932,1.987851,1.481217,0.176295,-0.024071,-0.117267,-0.021363,0.014787
862,1.754641,1.689653,0.405691,1.866676,1.962612,0.309368,-0.112036,-0.272960,0.096323,0.096337
863,1.389628,1.003256,0.148298,2.249725,1.116717,0.081145,-0.860097,-0.113461,0.067153,0.757150
864,0.711855,1.122731,0.378518,0.937022,1.172450,0.329730,-0.225167,-0.049719,0.048788,0.055553
865,1.330112,1.157992,0.470270,1.199480,1.155746,0.487448,0.130632,0.002245,-0.017178,0.017365
866,0.561048,0.649952,0.438947,0.897413,0.689804,0.429775,-0.336364,-0.039853,0.009172,0.114813
867,1.418662,1.666492,0.106252,1.538544,1.632911,0.186418,-0.119882,0.033582,-0.080166,0.021926
868,1.230451,0.509524,0.171765,1.789923,0.541588,0.162111,-0.559472,-0.032063,0.009654,0.314130
869,0.633712,1.477634,0.454766,0.213091,1.418554,0.461353,0.420621,0.059080,-0.006587,0.180456
870,1.124333,1.711118,0.409025,1.381296,1.590698,0.525299,-0.256962,0.120419,-0.116274,0.094050
871,1.538537,0.809240,0.355930,0.788925,0.784662,0.339418,0.749613,0.024578,0.016512,0.562796
872,1.284630,1.118047,0.475236,1.269861,1.091690,0.461757,0.014770,0.026357,0.013478,0.001094
873,1.415807,0.556432,0.172000,1.069659,0.578726,0.168868,0.346148,-0.022294,0.003132,0.120325
874,1.249831,1.925447,0.350877,1.326068,2.220429,0.326062,-0.076236,-0.294982,0.024814,0.093442
875,1.673875,1.021780,0.101828,1.724138,1.006069,0.105508,-0.050263,0.015712,-0.003680,0.002787
876,0.853459,0.676262,0.312080,1.771306,0.782640,0.274174,-0.917848,-0.106378,0.037906,0.855198
877,0.643526,1.042852,0.404451,0.459336,1.112097,0.354178,0.184190,-0.069245,0.050273,0.041248
878,1.309584,0.828914,0.408133,1.392991,0.887847,0.395190,-0.083407,-0.058932,0.012943,0.010597
879,1.488991,0.914640,0.177488,1.333876,0.927195,0.166349,0.155115,-0.012555,0.011139,0.024342
880,1.694919,1.527866,0.487430,1.720108,1.460552,0.563604,-0.025188,0.067314,-0.076175,0.010968
881,1.211619,0.764486,0.368057,1.849948,0.749370,0.403822,-0.638328,0.015116,-0.035765,0.408971
882,0.564673,1.467291,0.214026,0.499670,1.462740,0.327155,0.065003,0.004551,-0.113129,0.017044
883,1.152007,1.001442,0.422061,0.835188,1.014499,0.385853,0.316819,-0.013057,0.036208,0.101856
884,1.637612,0.564976,0.396167,1.683069,0.503424,0.414050,-0.045457,0.061552,-0.017884,0.006175
885,1.887292,0.763831,0.414197,2.135311,0.726169,0.422477,-0.248019,0.037662,-0.008280,0.063000
886,1.227592,0.674098,0.458032,2.069676,0.669812,0.455818,-0.842084,0.004285,0.002214,0.709128
887,1.582105,1.389060,0.230389,2.019272,1.814298,0.176659,-0.437168,-0.425238,0.053730,0.374830
888,0.798127,1.515279,0.230274,1.114171,1.391705,0.287727,-0.316044,0.123574,-0.057453,0.118455
889,1.668463,0.989198,0.139226,1.302940,1.063974,0.035945,0.365523,-0.074776,0.103280,0.149865
890,1.606622,1.804829,0.250213,2.159890,3.197735,0.023617,-0.553268,-1.392906,0.226596,2.297637
891,0.830994,1.206485,0.293763,0.923849,1.049306,0.366064,-0.092855,0.157180,-0.072301,0.038555
892,1.835733,0.717412,0.471155,1.598208,0.773843,0.456676,0.237525,-0.056431,0.014479,0.059812
893,1.182486,1.080995,0.154562,1.751550,0.990323,0.194203,-0.569064,0.090672,-0.039641,0.333626
894,1.579732,1.448032,0.490222,1.761884,1.671187,0.385144,-0.182153,-0.223156,0.105079,0.094020
895,0.803316,0.690818,0.376884,0.138266,0.723849,0.367183,0.665051,-0.033031,0.009701,0.443477
896,0.589478,0.704752,0.440661,0.416331,0.726058,0.432417,0.173146,-0.021306,0.008244,0.030502
897,1.187868,0.756802,0.237430,1.048971,0.696766,0.248249,0.138897,0.060036,-0.010818,0.023014
898,1.829613,1.405454,0.415819,1.892257,1.556046,0.401837,-0.062644,-0.150592,0.013982,0.026798
899,1.456999,1.417292,0.167974,1.405743,1.563035,0.072445,0.051256,-0.145742,0.095530,0.032994
900,1.955204,1.782506,0.134590,2.125741,1.723428,0.252035,-0.170537,0.059078,-0.117445,0.046367
901,1.785461,1.233820,0.498266,1.883738,1.166418,0.497262,-0.098277,0.067403,0.001004,0.014202
902,1.387371,1.755484,0.211668,1.593360,1.847943,0.212635,-0.205989,-0.092459,-0.000967,0.050981
903,1.595027,1.604268,0.198662,1.664103,1.509706,0.177907,-0.069076,0.094562,0.020754,0.014144
904,0.990944,1.369201,0.456729,1.371263,1.264966,0.434079,-0.380319,0.104234,0.022650,0.156020
905,1.387657,0.723455,0.329480,1.214257,0.798349,0.279677,0.173401,-0.074894,0.049803,0.038157
906,0.507616,1.970276,0.116023,0.651251,2.128665,0.241307,-0.143634,-0.158389,-0.125284,0.061414
907,1.205979,1.652910,0.113448,1.548991,1.621899,0.151623,-0.343012,0.031011,-0.038175,0.120076
908,1.296683,1.218904,0.419207,1.366776,1.269119,0.403271,-0.070094,-0.050215,0.015936,0.007689
909,1.731937,1.178662,0.196205,2.144741,1.372864,0.146400,-0.412804,-0.194202,0.049804,0.210603
910,1.337730,0.518634,0.392715,1.245750,0.496921,0.387806,0.091981,0.021713,0.004908,0.008956
911,1.924901,0.699068,0.218316,2.149626,0.806931,0.190045,-0.224725,-0.107863,0.028271,0.062935
912,1.471460,0.636094,0.291913,2.403555,0.809597,0.249746,-0.932095,-0.173502,0.042167,0.900682
913,0.957255,1.554957,0.443169,0.794108,1.745724,0.324678,0.163147,-0.190768,0.118491,0.077049
914,1.620930,0.536620,0.281936,1.046518,0.488119,0.282818,0.574412,0.048501,-0.000882,0.332303
915,1.657753,1.811299,0.262144,1.645159,1.789759,0.224819,0.012593,0.021539,0.037325,0.002016
916,1.684788,1.055631,0.285718,1.575186,0.984390,0.351706,0.109602,0.071241,-0.065988,0.021442
917,1.450103,1.790574,0.128279,1.412805,2.084108,0.052039,0.037298,-0.293534,0.076240,0.093366
918,1.840152,0.999359,0.113086,1.814691,1.072310,0.094737,0.025461,-0.072950,0.018349,0.006307
919,1.138853,0.904684,0.478438,1.184144,0.927769,0.451562,-0.045291,-0.023085,0.026876,0.003306
920,1.313653,1.691718,0.415077,1.700053,1.731969,0.515977,-0.386401,-0.040251,-0.100900,0.161106
921,0.621439,1.821271,0.394304,0.552322,1.755137,0.344766,0.069117,0.066134,0.049538,0.011605
922,0.582218,1.917983,0.369861,0.233079,1.739604,0.286353,0.349138,0.178380,0.083508,0.160691
923,1.831967,0.666450,0.246236,1.833112,0.599315,0.261175,-0.001145,0.067134,-0.014939,0.004732
924,1.428700,1.048357,0.170107,1.811300,1.213065,0.187359,-0.382599,-0.164709,-0.017252,0.173809
925,1.338186,0.600509,0.383735,2.141957,0.577398,0.433784,-0.803772,0.023111,-0.050050,0.649088
926,0.807069,1.971877,0.195453,0.986280,1.972980,0.298655,-0.179211,-0.001102,-0.103201,0.042768
927,0.670337,1.217740,0.475659,0.661661,1.280562,0.389494,0.008676,-0.062822,0.086165,0.011446
928,1.370179,1.938656,0.183918,1.245333,1.764368,0.235765,0.124847,0.174288,-0.051848,0.048651
929,1.617525,0.838156,0.241085,2.086819,0.831218,0.260079,-0.469293,0.006938,-0.018994,0.220645
930,0.901037,1.520340,0.210858,1.043628,1.485776,0.193941,-0.142591,0.034564,0.016917,0.021813
931,0.595054,1.017840,0.294491,0.285078,1.060344,0.304415,0.309976,-0.042504,-0.009924,0.097990
932,1.290024,0.684064,0.383930,1.286193,0.753698,0.344003,0.003831,-0.069633,0.039927,0.006458
933,1.517462,1.299283,0.216906,1.351580,1.283388,0.206792,0.165883,0.015895,0.010114,0.027872
934,1.431427,1.699856,0.478146,1.465029,1.714850,0.436442,-0.033602,-0.014994,0.041704,0.003093
935,1.713194,1.911314,0.126251,1.900560,1.927622,0.096543,-0.187366,-0.016308,0.029708,0.036255
936,1.837855,1.186811,0.132068,1.126465,1.097915,0.147762,0.711390,0.088896,-0.015694,0.514224
937,1.846919,0.932559,0.482651,1.595778,0.868726,0.505684,0.251140,0.063833,-0.023033,0.067677
938,0.664047,0.913914,0.378833,0.742393,0.984503,0.315561,-0.078345,-0.070588,0.063272,0.015124
939,1.244493,1.812490,0.308275,1.500284,1.674554,0.491657,-0.255791,0.137936,-0.183382,0.118084
940,1.440914,0.939754,0.487830,0.598736,0.853174,0.523620,0.842178,0.086581,-0.035791,0.718042
941,1.312152,0.698041,0.238680,1.698764,0.646713,0.267658,-0.386612,0.051329,-0.028978,0.152943
942,1.165790,1.467027,0.216607,1.283413,1.516200,0.174118,-0.117623,-0.049173,0.042489,0.018058
943,0.594424,1.807691,0.192931,0.777281,2.231626,0.105317,-0.182857,-0.423936,0.087614,0.220835
944,1.921173,1.467008,0.264677,2.583275,2.673643,0.090788,-0.662102,-1.206635,0.173889,1.924584
945,1.014189,1.469077,0.230523,0.775440,1.416760,0.244832,0.238749,0.052317,-0.014310,0.059943
946,1.390036,1.545295,0.436763,1.899682,1.928514,0.422635,-0.509646,-0.383218,0.014128,0.406794
947,1.167884,0.956124,0.152782,1.100078,0.881211,0.201657,0.067807,0.074913,-0.048875,0.012598
948,1.684022,0.757606,0.204003,2.141117,0.908829,0.170755,-0.457095,-0.151224,0.033248,0.232910
949,1.226365,1.956086,0.407900,1.047748,1.857231,0.499511,0.178616,0.098855,-0.091611,0.050069
950,0.570978,1.029681,0.282371,0.366770,1.105501,0.271787,0.204208,-0.075820,0.010584,0.047562
951,0.749545,1.886197,0.384725,0.825203,1.879050,0.223713,-0.075658,0.007147,0.161012,0.031700
952,0.927870,1.959809,0.435733,1.161797,1.891229,0.483100,-0.233928,0.068581,-0.047368,0.061669
953,1.539289,1.499534,0.161394,1.579331,1.590740,0.231665,-0.040042,-0.091206,-0.070271,0.014860
954,0.856858,0.561727,0.226650,0.564660,0.535333,0.242520,0.292198,0.026394,-0.015870,0.086328
955,0.689710,0.890611,0.173799,0.345767,0.874232,0.169110,0.343943,0.016378,0.004689,0.118587
956,1.343731,0.552034,0.226778,1.856804,0.591668,0.223707,-0.513073,-0.039635,0.003071,0.264824
957,1.015771,1.059372,0.315947,0.485277,1.052648,0.243380,0.530494,0.006724,0.072566,0.286735
958,0.743896,0.952340,0.468174,0.499768,1.022126,0.423716,0.244129,-0.069786,0.044458,0.066445
959,1.106843,1.249125,0.158154,0.994123,1.244074,0.209158,0.112720,0.005052,-0.051004,0.015333
960,1.187061,0.980327,0.101718,0.909435,0.931675,0.114082,0.277626,0.048652,-0.012365,0.079596
961,1.607742,1.963402,0.232512,1.617542,2.264894,0.153645,-0.009800,-0.301493,0.078867,0.097214
962,1.558177,1.210866,0.215931,1.517022,1.143425,0.240328,0.041155,0.067441,-0.024397,0.006837
963,1.916014,1.971035,0.329491,1.672598,1.760398,0.348912,0.243416,0.210636,-0.019421,0.103996
964,0.720625,1.347847,0.462752,1.074738,1.289890,0.463831,-0.354113,0.057957,-0.001079,0.128756
965,1.163158,1.533720,0.392656,0.959732,1.615657,0.284519,0.203427,-0.081937,0.108137,0.059790
966,1.850262,0.709135,0.320384,1.380517,0.613754,0.358749,0.469745,0.095381,-0.038365,0.231229
967,0.962123,1.102445,0.436351,1.060740,1.165943,0.379432,-0.098617,-0.063498,0.056919,0.016997
968,1.168959,0.638722,0.122013,0.473732,0.638084,0.113335,0.695227,0.000638,0.008679,0.483416
969,1.461969,1.375147,0.188858,1.203238,1.288688,0.133670,0.258731,0.086460,0.055188,0.077463
970,1.903498,0.916891,0.109019,1.966389,0.989585,0.087612,-0.062892,-0.072695,0.021408,0.009698
971,1.307618,1.168187,0.368623,0.982535,1.118141,0.385729,0.325084,0.050046,-0.017105,0.108477
972,0.631065,1.267681,0.177780,1.120790,1.547659,-0.008050,-0.489725,-0.279978,0.185830,0.352751
973,0.976637,1.407617,0.477361,0.841675,1.305270,0.556340,0.134962,0.102347,-0.078979,0.034927
974,1.862670,1.041597,0.159178,1.916999,1.015082,0.172941,-0.054328,0.026516,-0.013762,0.003844
975,1.780706,1.054445,0.249132,1.718946,1.132037,0.214223,0.061760,-0.077592,0.034909,0.011054
976,0.926976,1.027033,0.491009,1.017623,1.079586,0.441977,-0.090648,-0.052554,0.049033,0.013383
977,1.811453,0.631398,0.391141,1.701325,0.645739,0.400588,0.110128,-0.014341,-0.009447,0.012423
978,1.166331,1.988896,0.421474,1.182713,1.857783,0.480128,-0.016382,0.131112,-0.058654,0.020899
979,0.932951,1.708509,0.488144,0.909287,1.705290,0.436089,0.023664,0.003220,0.052055,0.003280
980,1.135748,1.844643,0.155827,0.749150,1.650887,0.039601,0.386598,0.193756,0.116226,0.200508
981,1.380770,0.629117,0.183114,1.676275,0.578306,0.208930,-0.295505,0.050811,-0.025816,0.090572
982,1.211920,1.801289,0.494655,1.062055,2.068843,0.392820,0.149865,-0.267554,0.101835,0.104415
983,0.599174,1.940143,0.402446,0.643371,1.922316,0.421617,-0.044197,0.017827,-0.019171,0.002639
984,0.632672,1.114191,0.465764,0.369243,1.098100,0.461620,0.263430,0.016091,0.004144,0.069671
985,1.121771,1.333721,0.384099,0.974023,1.127912,0.457511,0.147748,0.205809,-0.073412,0.069576
986,1.632866,0.705391,0.174403,1.849830,0.668582,0.185141,-0.216964,0.036809,-0.010739,0.048544
987,1.072654,1.330800,0.116893,1.073330,1.444661,0.067492,-0.000675,-0.113861,0.049401,0.015405
988,1.739372,1.751878,0.221566,1.422548,1.766060,0.102694,0.316824,-0.014182,0.118872,0.114709
989,1.338922,1.195178,0.110736,1.139563,1.085296,0.131821,0.199359,0.109882,-0.021085,0.052263
990,0.503670,0.894016,0.482411,0.708783,0.873383,0.511459,-0.205113,0.020633,-0.029048,0.043341
991,1.751365,1.208812,0.361525,1.654252,1.176308,0.364356,0.097113,0.032503,-0.002831,0.010495
992,1.839030,1.125735,0.296755,1.774310,1.096714,0.320395,0.064720,0.029021,-0.023641,0.005590
993,1.531765,0.867125,0.147742,0.914861,0.798906,0.155592,0.616904,0.068219,-0.007850,0.385286
994,0.915826,1.991499,0.126690,1.084096,2.026781,0.213594,-0.168270,-0.035281,-0.086904,0.037112
995,1.618348,1.371599,0.326230,1.611007,1.363883,0.383512,0.007341,0.007716,-0.057282,0.003395
996,1.802519,1.441994,0.290416,2.132191,1.718214,0.184600,-0.329673,-0.276220,0.105816,0.196179
997,1.541368,0.679376,0.305010,1.500474,0.732177,0.295292,0.040893,-0.052801,0.009719,0.004555
998,1.362896,1.767920,0.165139,1.356463,1.619819,0.181833,0.006433,0.148101,-0.016694,0.022254
999,0.587766,0.979522,0.451327,0.593948,1.042245,0.441360,-0.006183,-0.062723,0.009967,0.004072
1000,0.703246,0.744963,0.209068,1.101365,0.769316,0.191508,-0.398119,-0.024353,0.017560,0.159400
