Results for N = 10
Iteration,v_true,alpha_true,tau_true,v_est,alpha_est,tau_est,bias_v,bias_alpha,bias_tau,squared_error
1,1.459140,0.537516,0.210012,1.539493,0.550375,0.187718,-0.080353,-0.012858,0.022294,0.007119
2,0.834816,1.604707,0.370680,1.848539,3.736331,-0.036454,-1.013723,-2.131624,0.407134,5.737215
3,1.838269,0.630408,0.268769,5.535075,1.247816,0.232684,-3.696806,-0.617408,0.036085,14.048869
4,0.544696,0.827957,0.302142,0.913539,0.927489,0.154319,-0.368844,-0.099532,0.147823,0.167804
5,0.539804,0.798256,0.359954,0.571105,0.709966,0.375237,-0.031301,0.088291,-0.015283,0.009009
6,1.317412,0.830661,0.335706,1.537857,0.901445,0.291935,-0.220445,-0.070784,0.043771,0.055522
7,1.714146,0.509748,0.422328,1.813821,0.467134,0.433845,-0.099676,0.042614,-0.011517,0.011884
8,1.547209,1.010376,0.162192,3.035174,2.275571,-0.030316,-1.487965,-1.265195,0.192508,3.851818
9,1.935820,1.004892,0.137098,1.541794,0.899144,0.108370,0.394026,0.105748,0.028728,0.167264
10,0.645075,1.771242,0.341490,1.755780,3.933725,-0.108766,-1.110705,-2.162483,0.450257,6.112731
11,1.710692,1.594598,0.314491,2.213118,3.120825,0.282821,-0.502426,-1.526228,0.031671,2.582806
12,1.959674,1.067802,0.320816,0.845969,1.001571,0.307852,1.113705,0.066231,0.012965,1.244893
13,1.744107,1.427780,0.444683,3.410209,2.025317,0.412637,-1.666102,-0.597537,0.032046,3.133975
14,1.366028,1.556858,0.118330,1.124409,1.232910,0.092349,0.241620,0.323948,0.025981,0.163997
15,0.841847,0.934082,0.131917,1.290324,1.074377,0.120544,-0.448476,-0.140295,0.011373,0.220943
16,0.849186,0.651502,0.211189,0.000000,nan,nan,0.849186,nan,nan,nan
17,1.453527,1.047248,0.248072,0.780893,1.085037,0.114601,0.672634,-0.037789,0.133472,0.471679
18,0.814261,0.900467,0.474662,1.662347,0.833938,0.576853,-0.848087,0.066529,-0.102191,0.734120
19,1.472053,1.413697,0.168455,1.105238,1.254295,0.107960,0.366815,0.159401,0.060496,0.163622
20,1.593690,0.745104,0.251782,1.148696,0.737617,0.294837,0.444994,0.007487,-0.043055,0.199929
21,1.984285,1.460000,0.322780,2.856264,2.418108,0.199686,-0.871979,-0.958109,0.123094,1.693471
22,1.526921,1.764278,0.410400,2.021338,3.416923,-0.094763,-0.494416,-1.652645,0.505163,3.230872
23,0.843572,0.548150,0.226181,-0.932463,0.434832,0.243207,1.776035,0.113318,-0.017026,3.167432
24,0.901611,0.816474,0.477164,1.718723,0.806584,0.487234,-0.817112,0.009890,-0.010070,0.667871
25,1.814551,0.972017,0.362175,0.862531,0.982339,0.347213,0.952021,-0.010322,0.014963,0.906674
26,1.093448,1.871821,0.283541,0.805673,1.720666,0.522137,0.287775,0.151156,-0.238596,0.162590
27,0.897320,0.869941,0.324547,1.605766,0.863323,0.331581,-0.708446,0.006619,-0.007034,0.501989
28,0.894112,1.376879,0.459129,0.623943,1.357973,0.163536,0.270169,0.018906,0.295593,0.160724
29,1.099101,0.828981,0.499015,2.360761,0.930727,0.520697,-1.261660,-0.101746,-0.021682,1.602608
30,1.264289,0.636364,0.118847,1.158831,0.731166,0.065612,0.105458,-0.094802,0.053234,0.022943
31,0.664474,1.441169,0.416832,0.000000,nan,nan,0.664474,nan,nan,nan
32,1.133240,0.595292,0.252648,2.349388,0.590066,0.264919,-1.216148,0.005225,-0.012271,1.479193
33,1.994182,1.293672,0.488431,3.148729,2.193506,0.450622,-1.154546,-0.899834,0.037809,2.144109
34,1.791170,0.517222,0.388289,3.714662,0.591501,0.392474,-1.923492,-0.074279,-0.004185,3.705357
35,1.522566,1.305455,0.206730,1.070314,1.295222,0.107801,0.452251,0.010234,0.098929,0.214423
36,1.461443,0.667328,0.273906,1.740970,0.796277,0.276858,-0.279528,-0.128949,-0.002951,0.094772
37,1.180586,1.930724,0.450341,1.757506,3.929862,-0.077990,-0.576920,-1.999138,0.528331,4.608525
38,0.895084,1.250879,0.171461,2.350600,2.938294,0.055764,-1.455517,-1.687415,0.115696,4.979283
39,1.868942,1.805778,0.219378,2.914227,2.370012,0.329371,-1.045286,-0.564234,-0.109993,1.423081
40,1.458424,1.413455,0.161136,1.114115,1.244300,0.257538,0.344309,0.169155,-0.096403,0.156455
41,1.643766,1.309069,0.411451,1.592534,1.379704,0.353097,0.051232,-0.070635,0.058354,0.011019
42,1.295531,0.500858,0.229662,0.000000,nan,nan,1.295531,nan,nan,nan
43,0.529215,1.893648,0.451489,0.893142,2.460106,-0.124954,-0.363927,-0.566459,0.576443,0.785604
44,1.747498,0.961271,0.123170,1.330439,1.041983,0.105593,0.417060,-0.080712,0.017577,0.180762
45,1.817014,1.920424,0.134261,2.140718,3.226373,-0.096017,-0.323704,-1.305949,0.230278,1.863314
46,1.228986,0.603819,0.404241,3.700243,0.593805,0.431135,-2.471258,0.010013,-0.026894,6.107938
47,1.648752,0.692587,0.290113,1.454217,0.582649,0.338495,0.194535,0.109938,-0.048382,0.052271
48,1.324705,0.897585,0.448973,1.337888,1.036181,0.432340,-0.013183,-0.138596,0.016633,0.019659
49,1.134707,0.817697,0.315718,1.044725,0.811025,0.282089,0.089982,0.006672,0.033629,0.009272
50,1.594897,0.801727,0.224687,2.553375,0.860518,0.263097,-0.958479,-0.058791,-0.038411,0.923613
51,1.992724,1.474817,0.275240,1.679203,1.308493,0.504057,0.313521,0.166324,-0.228817,0.178316
52,1.276364,0.681506,0.189879,1.763147,0.786262,0.138559,-0.486783,-0.104755,0.051320,0.250565
53,1.007128,1.382463,0.192046,0.939044,1.476282,0.120702,0.068084,-0.093819,0.071344,0.018527
54,0.830326,0.606490,0.352441,-1.273669,0.665242,0.327565,2.103995,-0.058752,0.024876,4.430865
55,0.843413,1.858130,0.443854,0.534896,1.584043,0.406986,0.308517,0.274087,0.036868,0.171666
56,0.606286,0.857007,0.367591,-0.401013,1.011101,0.324134,1.007299,-0.154094,0.043457,1.040286
57,0.821355,0.698468,0.474206,0.592830,0.683948,0.509800,0.228525,0.014520,-0.035595,0.053702
58,1.356565,1.209007,0.413848,1.035025,1.339382,0.255082,0.321540,-0.130376,0.158766,0.145592
59,1.711245,0.785615,0.138772,1.118692,0.757401,0.148251,0.592554,0.028214,-0.009479,0.352006
60,1.146577,1.135368,0.286810,1.231785,1.125435,0.398365,-0.085208,0.009933,-0.111555,0.019804
61,1.593614,1.510047,0.493666,1.497700,1.467066,0.519023,0.095914,0.042981,-0.025357,0.011690
62,0.647627,1.103932,0.235721,0.867498,0.976714,0.315212,-0.219871,0.127218,-0.079491,0.070847
63,1.792509,0.872985,0.176084,1.585090,0.874584,0.099094,0.207419,-0.001599,0.076989,0.048952
64,1.172920,1.132822,0.211418,3.059087,2.257783,0.060907,-1.886167,-1.124961,0.150511,4.845814
65,0.874710,1.884898,0.277252,0.921764,1.503958,0.616880,-0.047054,0.380941,-0.339628,0.262677
66,1.792024,1.325488,0.120235,2.368303,2.916331,-0.013433,-0.576279,-1.590843,0.133668,2.880747
67,1.998924,1.754041,0.487599,2.457697,2.810255,0.331564,-0.458773,-1.056214,0.156034,1.350407
68,1.889550,1.773044,0.166524,1.910062,1.150342,0.319975,-0.020512,0.622702,-0.153451,0.411725
69,1.228462,0.820621,0.260416,3.272615,2.110470,0.063568,-2.044153,-1.289849,0.196849,5.881022
70,0.587953,1.068460,0.494124,1.553554,0.892337,0.620708,-0.965601,0.176122,-0.126584,0.979428
71,0.897805,1.676106,0.282003,0.714911,1.939114,0.118335,0.182893,-0.263008,0.163669,0.129411
72,1.134511,1.935976,0.498169,1.379269,1.593035,0.599003,-0.244758,0.342941,-0.100834,0.187683
73,1.333652,1.577612,0.161919,1.907119,3.621564,-0.349305,-0.573467,-2.043952,0.511224,4.767952
74,0.945062,1.953064,0.331672,1.105557,1.987437,0.125866,-0.160495,-0.034373,0.205806,0.069296
75,1.313293,1.621963,0.122866,1.180967,1.860530,0.159786,0.132326,-0.238567,-0.036920,0.075787
76,1.376266,1.254276,0.441088,1.310977,1.676021,0.252290,0.065289,-0.421745,0.188798,0.217776
77,0.736149,1.941168,0.132045,0.726254,1.908828,0.111488,0.009895,0.032340,0.020556,0.001566
78,0.778737,1.392553,0.370085,0.000000,nan,nan,0.778737,nan,nan,nan
79,0.852806,0.679830,0.456115,1.237020,0.684951,0.477609,-0.384214,-0.005121,-0.021494,0.148109
80,0.869323,1.391779,0.347753,0.000000,nan,nan,0.869323,nan,nan,nan
81,1.128837,1.375508,0.309113,0.706457,1.199363,0.304678,0.422381,0.176145,0.004435,0.209452
82,1.902059,0.806389,0.386477,1.666395,0.831912,0.385772,0.235664,-0.025523,0.000705,0.056189
83,0.858029,1.093679,0.368676,1.354318,1.023611,0.459952,-0.496289,0.070068,-0.091276,0.259543
84,0.949996,0.974266,0.400746,-0.517986,0.782772,0.370421,1.467982,0.191494,0.030325,2.192560
85,0.608815,1.187428,0.499382,0.762183,1.111672,0.679900,-0.153369,0.075756,-0.180519,0.061848
86,1.994145,0.609891,0.185262,2.909921,0.755080,0.164726,-0.915776,-0.145189,0.020536,0.860148
87,0.897801,1.899889,0.452346,0.998358,2.200839,0.260117,-0.100557,-0.300950,0.192228,0.137634
88,1.818905,1.054291,0.163099,1.000809,0.846613,0.195219,0.818097,0.207677,-0.032120,0.713444
89,1.750617,1.555310,0.344671,0.970936,1.427792,0.465517,0.779681,0.127518,-0.120846,0.638768
90,1.980850,1.480964,0.103129,3.308286,2.087714,0.216704,-1.327436,-0.606750,-0.113574,2.143131
91,1.725656,0.949068,0.365355,0.990595,0.855342,0.346045,0.735061,0.093726,0.019310,0.549472
92,1.908395,0.701437,0.146171,1.826781,0.758873,0.120640,0.081614,-0.057436,0.025532,0.010612
93,0.660554,1.329835,0.208939,1.237189,1.775981,0.115521,-0.576635,-0.446145,0.093418,0.540281
94,1.407245,1.576418,0.181439,2.312749,2.986383,-0.059429,-0.905504,-1.409965,0.240868,2.865956
95,1.451357,0.895976,0.295413,1.069852,0.791977,0.375043,0.381505,0.103999,-0.079631,0.162703
96,1.858005,1.769156,0.136919,0.902923,1.535340,0.003343,0.955082,0.233815,0.133576,0.984693
97,1.135364,0.915020,0.101418,0.397384,1.020335,-0.062411,0.737979,-0.105315,0.163829,0.582545
98,1.656679,1.455670,0.204782,2.642770,2.613453,0.052087,-0.986091,-1.157783,0.152695,2.336153
99,1.611846,1.327521,0.271075,2.545880,2.712914,0.163879,-0.934034,-1.385393,0.107195,2.803225
100,0.514505,0.612866,0.453243,-1.529150,0.554097,0.439198,2.043655,0.058769,0.014045,4.180176
101,1.855893,1.318385,0.433838,2.621884,2.634271,0.235981,-0.765992,-1.315886,0.197858,2.357446
102,1.373764,0.722141,0.150978,2.655817,0.827325,0.161526,-1.282053,-0.105185,-0.010548,1.654834
103,0.962388,1.848472,0.418449,0.658195,2.106208,0.068928,0.304193,-0.257735,0.349521,0.281126
104,1.791054,1.848387,0.184031,2.135016,3.234990,-0.104200,-0.343962,-1.386603,0.288231,2.124054
105,0.874295,0.654190,0.412046,1.563513,0.541919,0.442674,-0.689218,0.112271,-0.030627,0.488565
106,1.826202,1.109566,0.348265,1.886557,1.164674,0.226345,-0.060355,-0.055108,0.121920,0.021544
107,0.731830,1.894822,0.445842,0.408780,2.072750,0.352940,0.323050,-0.177928,0.092902,0.144651
108,1.964309,1.716158,0.452566,1.615462,1.360122,0.516976,0.348847,0.356036,-0.064410,0.252605
109,0.537180,1.604847,0.232874,-0.307046,1.320537,0.455287,0.844225,0.284310,-0.222413,0.843016
110,1.896224,1.703353,0.445626,1.045098,1.326473,0.505357,0.851126,0.376880,-0.059731,0.870021
111,1.716124,0.900209,0.414950,2.292248,0.958546,0.413138,-0.576124,-0.058337,0.001812,0.335326
112,0.662143,1.808250,0.443437,0.475234,1.782907,0.705109,0.186910,0.025343,-0.261672,0.104050
113,0.833651,1.724880,0.284121,0.666566,1.271139,0.490430,0.167084,0.453741,-0.206308,0.276362
114,0.957786,1.693018,0.191038,0.255430,1.587382,-0.038944,0.702356,0.105637,0.229982,0.557355
115,0.535497,0.789695,0.231305,0.544171,0.745106,0.215261,-0.008674,0.044588,0.016044,0.002321
116,1.796529,1.950334,0.211650,1.965448,3.514087,-0.156587,-0.168918,-1.563753,0.368237,2.609456
117,1.462223,1.099518,0.492460,1.294060,1.071276,0.558300,0.168163,0.028242,-0.065840,0.033411
118,1.304324,1.908856,0.146137,1.843180,3.747194,-0.031453,-0.538857,-1.838339,0.177589,3.701393
119,1.955601,0.767852,0.485014,2.265071,0.970047,0.384701,-0.309470,-0.202195,0.100313,0.146717
120,0.898200,0.662604,0.273826,-0.874274,0.463774,0.332889,1.772473,0.198830,-0.059063,3.184684
121,1.592818,0.970516,0.342484,2.030294,1.082220,0.375085,-0.437476,-0.111704,-0.032601,0.204926
122,1.267135,1.077793,0.330635,1.698280,1.293794,0.277328,-0.431146,-0.216001,0.053307,0.235385
123,0.882084,1.563178,0.100677,0.861122,1.609870,0.068532,0.020962,-0.046692,0.032145,0.003653
124,1.888363,1.307678,0.387772,1.800034,1.220657,0.400263,0.088329,0.087021,-0.012491,0.015531
125,1.612925,1.505943,0.245689,2.416815,2.857792,-0.054968,-0.803890,-1.351849,0.300657,2.564130
126,0.604961,1.496357,0.232080,0.000000,nan,nan,0.604961,nan,nan,nan
127,0.970873,1.772023,0.387902,2.113371,3.268122,0.124037,-1.142497,-1.496099,0.263864,3.613238
128,0.950483,0.963927,0.263357,2.037666,1.078305,0.189619,-1.087182,-0.114378,0.073738,1.200485
129,1.103601,0.943483,0.150915,0.926185,0.914826,0.152481,0.177415,0.028657,-0.001566,0.032300
130,1.130670,1.910546,0.370927,1.263356,1.739197,0.627613,-0.132686,0.171348,-0.256686,0.112854
131,1.854208,1.423272,0.220380,3.306736,2.088693,0.195387,-1.452527,-0.665420,0.024993,2.553244
132,1.321906,0.500609,0.214765,1.166557,0.347574,0.235722,0.155349,0.153035,-0.020957,0.047992
133,1.144832,1.369977,0.361882,2.847042,2.425940,0.411519,-1.702210,-1.055963,-0.049637,4.015041
134,1.197482,1.163240,0.185481,1.204139,1.151274,0.119943,-0.006657,0.011965,0.065537,0.004483
135,1.209779,1.851771,0.418410,1.372254,1.601180,0.449932,-0.162474,0.250592,-0.031522,0.090188
136,0.754537,0.627193,0.306181,3.232700,0.679687,0.292269,-2.478163,-0.052494,0.013911,6.144242
137,1.449411,1.002782,0.427369,3.029349,2.279947,0.278355,-1.579938,-1.277165,0.149015,4.149557
138,1.626707,1.509194,0.189856,1.542571,1.424391,0.130492,0.084136,0.084803,0.059364,0.017794
139,0.798695,0.536638,0.197937,0.648918,0.624833,0.164521,0.149777,-0.088195,0.033416,0.031328
140,1.212705,1.774607,0.129131,2.497741,2.765200,0.350445,-1.285037,-0.990594,-0.221314,2.681575
141,1.121662,1.444648,0.177774,1.410227,1.558065,0.170071,-0.288565,-0.113417,0.007703,0.096193
142,1.544531,1.241566,0.197594,3.125998,2.209456,0.110441,-1.581467,-0.967890,0.087153,3.445444
143,1.484087,0.508317,0.400386,2.808064,0.493683,0.396265,-1.323977,0.014634,0.004121,1.753147
144,1.655069,0.659881,0.270058,2.727609,0.805550,0.188253,-1.072540,-0.145669,0.081806,1.178253
145,0.763830,1.936949,0.307183,1.763984,3.915429,0.074685,-1.000154,-1.978480,0.232498,4.968746
146,0.575328,0.873797,0.439335,0.000000,nan,nan,0.575328,nan,nan,nan
147,1.184693,1.702125,0.367031,0.487004,1.739816,0.474397,0.697689,-0.037692,-0.107366,0.499718
148,1.981839,1.393178,0.480016,2.000622,1.098271,0.529714,-0.018783,0.294908,-0.049698,0.089793
149,1.837139,1.418978,0.387710,1.743943,1.259918,0.396177,0.093196,0.159061,-0.008467,0.034058
150,1.257167,1.745854,0.319149,2.065492,3.343879,-0.085222,-0.808325,-1.598025,0.404371,3.370588
151,1.845812,1.615483,0.289870,2.733176,2.527007,0.210529,-0.887364,-0.911523,0.079341,1.624585
152,0.888787,0.870860,0.355065,1.994824,1.101463,0.287064,-1.106036,-0.230604,0.068001,1.281118
153,1.648721,1.281950,0.350699,0.943866,1.468740,0.135658,0.704854,-0.186790,0.215042,0.577953
154,0.911896,0.616225,0.214291,1.360326,0.622864,0.219260,-0.448430,-0.006639,-0.004969,0.201158
155,0.907573,0.979564,0.316061,1.644532,1.336079,0.244346,-0.736959,-0.356515,0.071715,0.675354
156,0.707561,0.846892,0.377580,1.452487,0.954428,0.328006,-0.744925,-0.107536,0.049573,0.568935
157,1.559629,0.596343,0.263040,2.864047,0.767175,0.250385,-1.304418,-0.170831,0.012654,1.730851
158,1.313917,1.123661,0.182734,1.623721,1.353203,0.099838,-0.309805,-0.229542,0.082896,0.155540
159,1.130215,1.857258,0.333632,1.669965,1.315731,0.555884,-0.539750,0.541527,-0.222253,0.633977
160,1.543284,1.785098,0.406238,1.361592,1.613717,0.255330,0.181692,0.171381,0.150908,0.085157
161,1.070572,0.508844,0.240704,1.644641,0.515187,0.255715,-0.574070,-0.006343,-0.015011,0.329822
162,1.630213,1.780172,0.481372,2.176863,3.172802,0.261713,-0.546650,-1.392630,0.219659,2.286496
163,1.128532,1.621274,0.318453,1.898268,3.638452,-0.053482,-0.769736,-2.017178,0.371935,4.799836
164,1.404879,0.830808,0.187769,0.501345,0.808754,0.162650,0.903534,0.022054,0.025119,0.817491
165,1.153754,0.543537,0.234452,2.315228,0.598772,0.256097,-1.161474,-0.055235,-0.021645,1.352542
166,1.518713,1.106475,0.166018,1.993959,1.101941,0.274232,-0.475246,0.004534,-0.108214,0.237590
167,1.201085,0.691442,0.348903,1.733073,0.799905,0.351361,-0.531988,-0.108464,-0.002458,0.294781
168,0.540450,1.091030,0.325757,0.369605,1.097023,0.196999,0.170845,-0.005992,0.128758,0.045802
169,0.540653,1.464124,0.154280,0.828147,1.673972,0.079671,-0.287494,-0.209848,0.074609,0.132255
170,1.192548,0.575427,0.251642,1.133605,0.747436,0.203134,0.058942,-0.172009,0.048507,0.035414
171,0.817490,0.990269,0.404492,2.980447,2.317356,0.354981,-2.162956,-1.327087,0.049510,6.441990
172,1.068689,1.628015,0.432770,1.058577,1.309583,0.628740,0.010112,0.318432,-0.195971,0.139906
173,0.878407,0.622859,0.107753,1.343032,0.630885,0.112914,-0.464624,-0.008025,-0.005161,0.215967
174,1.309129,1.999862,0.239984,1.864923,3.703507,0.299996,-0.555794,-1.703645,-0.060012,3.214915
175,1.475216,1.671850,0.360702,2.499324,2.763449,0.407621,-1.024108,-1.091600,-0.046919,2.242588
176,1.631350,1.924418,0.179744,2.665455,2.591210,0.339131,-1.034105,-0.666793,-0.159387,1.539390
177,0.530570,0.728574,0.150488,0.585632,0.692355,0.119620,-0.055062,0.036219,0.030868,0.005297
178,1.504188,1.345954,0.187186,2.717753,2.541348,-0.061355,-1.213565,-1.195393,0.248541,2.963477
179,1.549197,1.650347,0.167116,1.347450,1.630654,0.030320,0.201748,0.019693,0.136795,0.059803
180,1.410871,1.621888,0.145813,2.375598,2.907375,-0.085346,-0.964727,-1.285486,0.231159,2.636608
181,1.728952,1.947081,0.143239,2.243056,3.079172,-0.094953,-0.514104,-1.132091,0.238192,1.602668
182,0.538518,0.967936,0.370939,1.330432,1.041988,0.358280,-0.791914,-0.074053,0.012659,0.632772
183,1.937259,1.094982,0.386006,3.907384,1.767616,0.519915,-1.970125,-0.672634,-0.133909,4.351760
184,0.613995,1.535922,0.350897,0.426988,0.949593,0.872330,0.187007,0.586328,-0.521433,0.650645
185,0.652852,1.658721,0.440117,0.804938,1.722238,0.238687,-0.152086,-0.063517,0.201430,0.067738
186,1.400617,0.681583,0.493538,0.590517,0.686627,0.481197,0.810100,-0.005045,0.012341,0.656440
187,1.673953,1.020806,0.271351,1.453133,0.954003,0.266943,0.220820,0.066802,0.004408,0.053243
188,1.055856,1.258941,0.236492,0.716119,1.183181,0.244924,0.339738,0.075760,-0.008432,0.121232
189,1.774363,1.733496,0.142216,2.493916,2.769441,0.043407,-0.719553,-1.035945,0.098809,1.600701
190,1.941181,1.453378,0.431483,1.741866,1.261420,0.447287,0.199316,0.191957,-0.015804,0.076824
191,1.560963,1.153231,0.393518,1.252284,1.107013,0.408168,0.308679,0.046218,-0.014650,0.097634
192,1.948211,0.905124,0.423280,1.853798,0.747813,0.440007,0.094413,0.157310,-0.016727,0.033940
193,1.307259,1.225246,0.274230,2.316938,2.980984,-0.185271,-1.009679,-1.755738,0.459500,4.313206
194,1.596539,0.902593,0.440685,1.130553,0.749454,0.428479,0.465986,0.153139,0.012206,0.240744
195,1.746097,0.629994,0.452652,1.706944,0.496383,0.502078,0.039153,0.133611,-0.049426,0.021828
196,0.865795,1.197063,0.344133,0.786518,1.077277,0.252990,0.079277,0.119786,0.091143,0.028940
197,1.068484,0.543050,0.440381,0.000000,nan,nan,1.068484,nan,nan,nan
198,0.772760,0.818180,0.419133,0.961801,0.880950,0.487491,-0.189041,-0.062770,-0.068358,0.044349
199,1.010508,1.820480,0.380474,1.921679,3.594126,-0.105295,-0.911171,-1.773646,0.485769,4.212022
200,0.914403,0.515227,0.479225,3.388526,0.648431,0.440527,-2.474123,-0.133204,0.038698,6.140525
201,0.628419,1.580112,0.295431,0.520195,1.628810,0.177865,0.108225,-0.048698,0.117567,0.027906
202,1.637247,1.535914,0.358361,2.142279,3.224022,0.158141,-0.505032,-1.688108,0.200220,3.144853
203,1.236232,1.689399,0.137221,1.978149,3.491525,-0.231208,-0.741917,-1.802125,0.368429,3.933836
204,0.832395,1.537681,0.222482,0.886660,1.563502,0.169572,-0.054265,-0.025821,0.052911,0.006411
205,1.372333,1.209891,0.312369,1.908699,1.151164,0.258121,-0.536365,0.058727,0.054247,0.294079
206,1.138256,1.618903,0.232317,1.191137,1.163841,0.528464,-0.052882,0.455062,-0.296148,0.297581
207,1.554282,0.906375,0.200561,1.529855,0.906160,0.204113,0.024427,0.000214,-0.003551,0.000609
208,0.680984,0.788876,0.147822,2.933506,0.749010,0.221357,-2.252523,0.039867,-0.073535,5.080855
209,1.303796,1.643284,0.174060,1.208894,1.817550,-0.131933,0.094902,-0.174266,0.305993,0.133007
210,0.824577,1.226298,0.389834,1.645023,1.335681,0.427780,-0.820446,-0.109383,-0.037946,0.686535
211,1.964911,1.286955,0.213199,1.923522,1.142292,0.152667,0.041388,0.144663,0.060532,0.026305
212,0.650789,0.791176,0.190993,0.000000,nan,nan,0.650789,nan,nan,nan
213,0.769162,0.521223,0.313654,1.659800,0.510482,0.296395,-0.890638,0.010741,0.017259,0.793650
214,0.911467,1.961442,0.321344,0.454297,1.865076,0.421690,0.457170,0.096367,-0.100347,0.228361
215,1.546126,0.689419,0.447384,1.186199,0.714297,0.423167,0.359927,-0.024877,0.024217,0.130753
216,1.236318,1.809080,0.329626,2.037610,3.389635,0.205565,-0.801292,-1.580555,0.124060,3.155614
217,1.204095,1.160703,0.173745,0.806857,1.050122,0.236886,0.397239,0.110581,-0.063140,0.174014
218,0.577065,1.911595,0.291092,0.000000,nan,nan,0.577065,nan,nan,nan
219,1.733173,1.101061,0.129633,1.840589,1.193762,0.025031,-0.107415,-0.092701,0.104602,0.031073
220,1.444169,0.580414,0.159679,2.848418,0.771384,0.109784,-1.404249,-0.190971,0.049895,2.010875
221,1.344259,0.955753,0.497567,4.594773,1.503176,0.556605,-3.250514,-0.547423,-0.059038,10.868999
222,0.677677,1.646665,0.342527,0.805883,1.720217,0.452564,-0.128206,-0.073552,-0.110037,0.033955
223,1.686111,0.838531,0.309029,2.392091,0.918537,0.333805,-0.705980,-0.080006,-0.024776,0.505423
224,1.175772,1.164082,0.444067,-0.419275,0.967062,0.597790,1.595047,0.197019,-0.153723,2.606621
225,1.985047,0.958070,0.348411,2.159312,1.017558,0.378636,-0.174265,-0.059487,-0.030225,0.034821
226,1.414446,1.610134,0.479036,1.275132,1.087177,0.500595,0.139314,0.522957,-0.021559,0.293357
227,0.811682,0.816538,0.364171,1.800565,0.769922,0.384347,-0.988884,0.046616,-0.020175,0.980471
228,0.735586,0.760720,0.130026,1.313268,0.645183,0.102743,-0.577682,0.115537,0.027283,0.347810
229,0.504014,1.175756,0.337524,1.248840,1.110066,0.392404,-0.744826,0.065690,-0.054879,0.562093
230,0.936889,0.847214,0.382782,-0.543759,0.745671,0.516908,1.480648,0.101544,-0.134125,2.220619
231,1.554481,1.181047,0.374954,0.336304,1.205651,0.370563,1.218177,-0.024604,0.004391,1.484581
232,1.885867,1.681742,0.350023,2.772834,2.490865,0.264163,-0.886967,-0.809123,0.085860,1.448763
233,1.491775,1.900503,0.270056,1.324605,1.658778,0.270920,0.167170,0.241725,-0.000865,0.086377
234,1.316844,1.471452,0.463365,0.779307,1.087245,0.564339,0.537537,0.384207,-0.100974,0.446756
235,1.739947,0.607115,0.166369,1.519440,0.557638,0.184762,0.220507,0.049476,-0.018393,0.051409
236,0.961418,1.623437,0.327683,1.136709,1.932970,0.521526,-0.175292,-0.309533,-0.193843,0.164113
237,0.932916,0.686530,0.375471,1.797083,0.771414,0.350060,-0.864167,-0.084883,0.025411,0.754635
238,1.549601,1.914014,0.300189,1.162993,1.889284,0.276408,0.386607,0.024730,0.023781,0.150642
239,1.240693,0.620663,0.115944,3.629499,0.605380,0.099992,-2.388806,0.015283,0.015953,5.706883
240,1.148043,0.983482,0.200147,0.901628,0.939742,0.164136,0.246415,0.043740,0.036011,0.063930
241,0.636990,1.942867,0.434383,0.517252,1.638076,-0.095538,0.119738,0.304791,0.529921,0.388051
242,1.362799,1.926179,0.499829,1.444880,1.520697,0.878824,-0.082081,0.405482,-0.378995,0.314791
243,1.508422,0.904267,0.116093,2.138594,1.027416,0.112306,-0.630171,-0.123149,0.003787,0.412296
244,1.634403,1.205751,0.360604,1.163427,1.191561,0.359453,0.470976,0.014190,0.001151,0.222021
245,1.874109,0.772234,0.334132,1.559013,0.889213,0.322703,0.315096,-0.116979,0.011429,0.113100
246,1.452177,1.237589,0.136497,3.175267,2.175173,0.071883,-1.723089,-0.937585,0.064614,3.852277
247,1.021942,0.999963,0.368053,1.846141,1.190171,0.364911,-0.824200,-0.190209,0.003143,0.715494
248,1.786600,0.994705,0.377469,4.351175,1.587331,0.433021,-2.564575,-0.592626,-0.055552,6.931337
249,0.932327,1.917790,0.425426,0.934156,1.484007,0.818253,-0.001829,0.433783,-0.392827,0.342484
250,1.325145,1.182239,0.225807,0.828318,1.022914,0.290156,0.496827,0.159325,-0.064349,0.276363
251,0.984911,1.955277,0.261670,0.610454,1.387979,0.765044,0.374457,0.567298,-0.503374,0.715430
252,1.271894,1.982179,0.363064,1.878667,3.676412,0.077200,-0.606773,-1.694233,0.285864,3.320318
253,1.313890,1.119871,0.175033,1.775918,1.237233,0.139202,-0.462027,-0.117362,0.035831,0.228527
254,1.042669,1.634665,0.350163,1.259813,1.744088,0.274772,-0.217144,-0.109423,0.075391,0.064809
255,1.639986,0.805337,0.319688,0.000000,nan,nan,1.639986,nan,nan,nan
256,1.891509,1.157174,0.379300,4.352915,1.586696,0.433971,-2.461406,-0.429522,-0.054671,6.245997
257,0.682139,1.959720,0.343549,0.486551,1.741438,0.108573,0.195588,0.218282,0.234976,0.141116
258,0.858946,0.737567,0.320336,1.179471,0.718371,0.288629,-0.320524,0.019196,0.031707,0.104110
259,1.328377,0.639814,0.496903,0.573687,0.706771,0.497949,0.754690,-0.066957,-0.001046,0.574042
260,1.869395,1.192172,0.146986,0.998718,0.848386,0.220288,0.870677,0.343786,-0.073301,0.881641
261,1.748215,1.247563,0.386641,1.496262,1.468476,0.194670,0.251953,-0.220912,0.191972,0.149136
262,1.263308,0.910137,0.433890,-0.491745,0.824544,0.495562,1.755053,0.085594,-0.061672,3.091341
263,1.970367,0.865596,0.320506,2.486839,0.883541,0.333288,-0.516472,-0.017945,-0.012782,0.267229
264,1.075379,1.882802,0.303296,0.818484,1.693733,0.435929,0.256895,0.189069,-0.132632,0.119333
265,1.818989,1.796040,0.210499,1.348825,1.628991,0.256939,0.470164,0.167049,-0.046440,0.251116
266,1.685009,1.122414,0.473699,1.292022,1.072965,0.413629,0.392987,0.049449,0.060070,0.160493
267,1.261607,1.730824,0.213136,0.856623,1.618324,0.357514,0.404983,0.112500,-0.144378,0.197513
268,0.947834,1.380407,0.499561,1.594263,1.378207,0.611506,-0.646430,0.002200,-0.111945,0.430408
269,1.234461,0.722893,0.315432,1.864089,0.743685,0.295210,-0.629628,-0.020792,0.020222,0.397273
270,1.017686,1.327876,0.317372,1.347184,1.630976,0.156072,-0.329498,-0.303100,0.161300,0.226456
271,1.183017,0.982666,0.175461,3.631820,1.901734,0.122118,-2.448803,-0.919068,0.053343,6.844168
272,1.546248,1.357696,0.193425,1.885192,1.165518,0.374054,-0.338944,0.192179,-0.180629,0.184443
273,1.663317,0.565471,0.397882,0.813993,0.498119,0.410754,0.849324,0.067352,-0.012872,0.726053
274,1.557842,1.717113,0.254432,2.336498,2.956029,0.371243,-0.778656,-1.238916,-0.116811,2.154862
275,1.495533,1.731121,0.492327,1.365422,1.609191,0.416792,0.130111,0.121930,0.075535,0.037501
276,1.242993,0.555529,0.300916,3.734281,0.588393,0.308713,-2.491288,-0.032863,-0.007797,6.207659
277,1.385271,1.804550,0.449676,1.207250,1.820024,0.527670,0.178020,-0.015474,-0.077994,0.038014
278,1.160459,1.288927,0.282771,1.755131,1.251886,0.373650,-0.594672,0.037040,-0.090879,0.363265
279,1.583666,1.114968,0.361913,3.013729,2.291764,0.342630,-1.430063,-1.176796,0.019283,3.430301
280,0.731542,1.204236,0.487681,0.312574,1.297181,0.363127,0.418968,-0.092945,0.124555,0.199687
281,1.007842,1.539057,0.359935,1.988988,3.472497,-0.000704,-0.981146,-1.933440,0.360639,4.830899
282,1.777648,1.778512,0.443737,1.928183,3.582002,0.017727,-0.150535,-1.803490,0.426010,3.456720
283,1.070014,0.974992,0.387487,2.129047,1.032022,0.354707,-1.059033,-0.057031,0.032780,1.125879
284,1.639103,1.808575,0.114360,1.407132,1.561492,0.504024,0.231971,0.247083,-0.389665,0.266699
285,0.602631,1.446742,0.468372,0.868861,1.595530,0.268301,-0.266230,-0.148788,0.200071,0.133045
286,1.996139,1.620150,0.273589,2.727073,2.532662,0.276569,-0.730934,-0.912513,-0.002980,1.366953
287,0.647665,1.450622,0.449032,0.332225,1.220455,0.339461,0.315440,0.230167,0.109570,0.164485
288,1.165518,1.541002,0.461370,0.247305,1.639538,0.090024,0.918213,-0.098536,0.371346,0.990723
289,0.568986,1.694215,0.217347,0.554163,1.528969,0.055407,0.014823,0.165246,0.161940,0.053751
290,1.062262,0.718355,0.312467,0.000000,nan,nan,1.062262,nan,nan,nan
291,1.348892,1.688779,0.167993,1.467150,1.497614,0.318133,-0.118258,0.191165,-0.150139,0.073071
292,0.618453,1.806259,0.347884,1.121851,1.958571,0.450413,-0.503399,-0.152311,-0.102529,0.287121
293,0.861245,1.869244,0.157247,0.980393,2.241167,-0.061652,-0.119148,-0.371924,0.218899,0.200440
294,1.191725,0.880966,0.202131,1.490443,0.930122,0.140731,-0.298718,-0.049156,0.061400,0.095419
295,0.514096,1.706950,0.460484,-0.295610,1.371620,0.822493,0.809706,0.335329,-0.362009,0.899121
296,1.516416,0.736963,0.276692,1.242313,0.682033,0.241603,0.274104,0.054931,0.035089,0.079382
297,1.018348,1.381358,0.355575,1.415378,1.552394,0.112635,-0.397030,-0.171036,0.242941,0.245906
298,1.136463,0.875147,0.438122,1.881601,0.736763,0.526958,-0.745138,0.138384,-0.088836,0.582272
299,0.798825,1.077040,0.293283,1.086758,1.275623,0.273555,-0.287933,-0.198584,0.019728,0.122730
300,0.855809,1.357884,0.329925,0.278420,1.456308,0.260152,0.577389,-0.098424,0.069773,0.347933
301,1.989038,0.942846,0.491178,4.051087,1.704914,0.441273,-2.062049,-0.762068,0.049904,4.835284
302,1.487345,0.911721,0.326372,1.774783,0.781106,0.369303,-0.287438,0.130614,-0.042931,0.101524
303,1.528699,1.617003,0.119618,2.396644,2.881844,-0.095832,-0.867945,-1.264840,0.215450,2.399569
304,1.409610,1.245091,0.461662,0.356746,1.136564,0.465187,1.052863,0.108527,-0.003525,1.120312
305,0.929291,1.698290,0.342826,0.903219,2.432660,-0.446773,0.026072,-0.734370,0.789599,1.163445
306,1.028481,1.454927,0.348356,1.299077,1.691374,0.171197,-0.270596,-0.236447,0.177160,0.160515
307,1.516647,1.581393,0.363673,0.718940,1.178538,0.498772,0.797707,0.402855,-0.135099,0.816880
308,1.757506,1.442372,0.461361,1.296076,1.069609,0.608813,0.461429,0.372764,-0.147452,0.373612
309,1.469511,0.963399,0.276329,0.376969,1.075593,0.189198,1.092542,-0.112193,0.087131,1.213827
310,1.369361,1.598540,0.136053,0.975505,1.421104,0.114882,0.393856,0.177436,0.021171,0.187054
311,0.942666,1.621221,0.170256,0.820316,1.689952,-0.042624,0.122350,-0.068731,0.212880,0.065011
312,0.698240,1.309112,0.488596,0.993528,1.395325,0.389394,-0.295288,-0.086213,0.099202,0.104469
313,1.296279,1.870230,0.432189,0.000000,nan,nan,1.296279,nan,nan,nan
314,0.885455,1.737035,0.292739,0.794143,1.745649,0.356266,0.091312,-0.008614,-0.063527,0.012448
315,1.709733,1.619839,0.235486,2.344022,2.946540,0.127055,-0.634289,-1.326701,0.108431,2.174216
316,0.672755,1.944340,0.156303,0.479723,1.766223,0.518837,0.193031,0.178117,-0.362534,0.200418
317,1.949750,1.790211,0.389687,3.199924,2.158412,0.364175,-1.250174,-0.368201,0.025511,1.699157
318,1.969913,1.950905,0.421835,2.543795,2.715138,0.206724,-0.573882,-0.764233,0.215111,0.959666
319,1.048663,1.686023,0.105567,1.370234,1.603540,0.230721,-0.321571,0.082483,-0.125153,0.125875
320,1.304858,1.182179,0.369131,1.330968,1.041569,0.263720,-0.026109,0.140610,0.105411,0.031564
321,1.508511,1.376840,0.428967,1.602751,1.370908,0.402621,-0.094240,0.005932,0.026345,0.009610
322,1.910438,0.662519,0.193529,2.743663,0.505271,0.270696,-0.833225,0.157248,-0.077167,0.724946
323,0.537537,1.826352,0.324563,0.447160,1.894842,0.383415,0.090377,-0.068489,-0.058852,0.016322
324,1.872884,0.832051,0.125287,0.524108,0.773628,0.113465,1.348775,0.058423,0.011822,1.822748
325,1.735783,1.864081,0.220876,2.191718,3.151297,-0.021210,-0.455935,-1.287216,0.242086,1.923407
326,1.112444,0.709666,0.478505,1.381945,0.613120,0.482879,-0.269501,0.096546,-0.004375,0.081971
327,0.956547,1.238937,0.138877,0.685999,1.235131,-0.043044,0.270548,0.003806,0.181921,0.106306
328,1.830889,0.703496,0.281458,1.603327,0.528462,0.308050,0.227562,0.175034,-0.026592,0.083128
329,1.505729,1.614710,0.478390,2.238736,3.085114,0.137305,-0.733007,-1.470403,0.341085,2.815724
330,1.128690,1.613404,0.161809,1.048043,1.322746,0.319044,0.080648,0.290657,-0.157235,0.115709
331,1.122327,0.648532,0.295739,-0.654725,0.619291,0.337922,1.777052,0.029242,-0.042184,3.160547
332,1.112174,1.927282,0.113087,1.885665,3.662768,-0.093840,-0.773492,-1.735485,0.206926,3.653018
333,1.055795,1.165075,0.480222,0.732571,1.156609,0.445013,0.323224,0.008465,0.035209,0.105785
334,1.783175,0.649032,0.374272,1.421459,0.596076,0.412917,0.361717,0.052956,-0.038644,0.135137
335,1.316699,1.966764,0.243470,2.199703,3.139858,0.286041,-0.883004,-1.173094,-0.042572,2.157658
336,1.097209,0.784713,0.148864,0.603805,0.671516,0.250078,0.493404,0.113197,-0.101215,0.266505
337,1.772050,1.182076,0.365107,2.211553,0.993521,0.585521,-0.439503,0.188555,-0.220414,0.277298
338,1.462557,1.395719,0.108543,1.045262,1.326266,0.063858,0.417295,0.069453,0.044685,0.180956
339,1.680192,0.865353,0.150370,3.265495,2.115071,0.036035,-1.585303,-1.249718,0.114334,4.088054
340,1.346867,0.602915,0.406063,2.822279,0.491197,0.472171,-1.475412,0.111718,-0.066109,2.193691
341,0.810736,0.823927,0.447878,-1.145114,0.739924,0.499709,1.955850,0.084003,-0.051831,3.835094
342,0.992839,0.721331,0.460212,1.047323,0.809013,0.461707,-0.054484,-0.087682,-0.001494,0.010659
343,0.504253,1.787609,0.157875,1.147477,1.914830,0.296987,-0.643224,-0.127221,-0.139112,0.449275
344,0.694988,0.875981,0.169799,1.064085,0.796269,0.153682,-0.369097,0.079712,0.016117,0.142846
345,1.491586,0.538670,0.105944,3.514153,0.625250,0.090294,-2.022567,-0.086580,0.015650,4.098516
346,1.684977,0.856897,0.229509,2.331693,0.942330,0.265487,-0.646716,-0.085433,-0.035978,0.426834
347,0.761369,0.578599,0.396687,0.846891,0.478769,0.397664,-0.085522,0.099830,-0.000976,0.017281
348,1.289128,1.618498,0.290498,0.246422,1.645407,0.193978,1.042706,-0.026909,0.096520,1.097276
349,1.667026,1.269857,0.143622,1.904638,1.153618,0.207308,-0.237612,0.116239,-0.063687,0.074027
350,1.255758,1.918123,0.117346,1.861866,3.709587,-0.388679,-0.606108,-1.791463,0.506025,3.832769
351,1.674840,1.800471,0.308580,2.432960,2.838827,0.388670,-0.758120,-1.038356,-0.080090,1.659344
352,1.187064,1.946039,0.124330,1.423376,1.543671,0.276779,-0.236313,0.402369,-0.152449,0.240985
353,1.218473,1.102426,0.374439,-0.369213,1.098187,0.346973,1.587686,0.004238,0.027466,2.521519
354,1.235403,1.864551,0.129396,1.187575,1.850177,0.013522,0.047828,0.014374,0.115875,0.015921
355,0.621186,1.412446,0.126273,1.264353,1.737826,0.105761,-0.643167,-0.325380,0.020512,0.519956
356,0.912524,1.449615,0.319343,2.576542,2.680630,0.136661,-1.664018,-1.231015,0.182682,4.317725
357,0.987778,1.991942,0.312223,1.667011,4.143197,-0.150898,-0.679233,-2.151255,0.463121,5.303738
358,1.180573,1.408140,0.139671,1.721811,1.276113,0.465840,-0.541237,0.132027,-0.326169,0.416755
359,1.552669,1.779189,0.360367,0.963252,1.439181,0.446354,0.589417,0.340008,-0.085987,0.470412
360,1.653444,1.581260,0.186009,2.199779,3.139749,-0.155551,-0.546335,-1.558489,0.341561,2.844035
361,1.177332,0.842740,0.235573,0.475339,0.853001,0.244141,0.701993,-0.010261,-0.008568,0.492973
362,1.180248,1.123984,0.138034,3.089692,2.235419,-0.028975,-1.909444,-1.111434,0.167010,4.909153
363,1.140146,1.497662,0.249720,1.368619,1.605432,0.241357,-0.228473,-0.107770,0.008364,0.063884
364,0.728958,1.884478,0.126853,1.106483,1.985774,0.654902,-0.377525,-0.101296,-0.528049,0.431621
365,1.747658,0.639845,0.138626,3.029842,0.725195,0.076412,-1.282184,-0.085349,0.062214,1.655150
366,1.608194,1.717654,0.322548,2.345037,2.945265,0.221630,-0.736843,-1.227611,0.100918,2.060150
367,1.379698,1.342380,0.231858,1.534330,1.432042,-0.037524,-0.154632,-0.089662,0.269383,0.104517
368,0.683347,1.030397,0.366136,0.486193,0.833960,0.484857,0.197154,0.196437,-0.118721,0.091552
369,1.625426,1.802138,0.388424,2.325954,2.969429,0.171171,-0.700527,-1.167291,0.217253,1.900506
370,1.952598,1.400615,0.240658,3.036886,2.274288,0.140805,-1.084289,-0.873673,0.099854,1.948957
371,1.366878,0.819108,0.362695,1.818241,0.762437,0.400701,-0.451363,0.056671,-0.038006,0.208385
372,0.836367,0.662328,0.438149,0.566261,0.716040,0.376494,0.270107,-0.053712,0.061655,0.079644
373,1.051342,1.643908,0.329640,1.309953,1.677331,0.223066,-0.258611,-0.033422,0.106574,0.079355
374,1.710832,1.767733,0.489819,2.799501,2.467138,0.464910,-1.088669,-0.699405,0.024908,1.674988
375,1.727640,1.420360,0.357080,1.054258,1.314948,0.400623,0.673382,0.105412,-0.043544,0.466451
376,0.539381,1.893626,0.431784,0.719761,1.926048,0.372787,-0.180380,-0.032422,0.058997,0.037069
377,0.901172,0.770624,0.381080,0.633649,0.639889,0.426848,0.267523,0.130735,-0.045769,0.090755
378,0.963477,1.009737,0.102442,3.186300,2.167641,-0.060280,-2.222823,-1.157904,0.162722,6.308162
379,1.804794,1.349482,0.260314,1.727899,1.271617,0.191198,0.076896,0.077865,0.069115,0.016753
380,0.712812,1.449758,0.112263,0.640654,1.322552,-0.099736,0.072158,0.127206,0.211999,0.066332
381,1.619168,0.822699,0.267933,1.665151,0.832534,0.276468,-0.045984,-0.009834,-0.008535,0.002284
382,1.011344,1.055080,0.388638,0.477198,0.849679,0.538879,0.534146,0.205401,-0.150241,0.350074
383,1.665253,1.351390,0.133983,2.500738,2.761886,-0.095651,-0.835485,-1.410496,0.229634,2.740266
384,0.578913,0.736115,0.347135,0.000000,nan,nan,0.578913,nan,nan,nan
385,1.510953,0.908154,0.364775,3.648421,1.893081,0.231406,-2.137468,-0.984926,0.133369,5.556636
386,1.228493,1.163066,0.209267,1.207834,1.147753,0.197957,0.020659,0.015314,0.011310,0.000789
387,1.632415,0.670726,0.271965,1.139445,0.743606,0.223065,0.492970,-0.072880,0.048901,0.250722
388,0.924870,1.517729,0.294653,1.165932,1.884522,0.229527,-0.241062,-0.366793,0.065126,0.196889
389,1.500699,0.568126,0.258105,2.587903,0.535682,0.277630,-1.087204,0.032444,-0.019525,1.183447
390,1.398987,0.511531,0.220568,2.243542,0.617904,0.210459,-0.844555,-0.106374,0.010109,0.724691
391,0.816851,0.705852,0.202208,2.108269,0.657551,0.238610,-1.291418,0.048301,-0.036402,1.671418
392,0.992184,0.511595,0.398806,0.807827,0.501920,0.391128,0.184356,0.009674,0.007678,0.034140
393,0.763542,1.070311,0.381469,0.326119,1.243303,0.372582,0.437423,-0.172992,0.008886,0.221344
394,1.250394,1.750031,0.422480,0.860723,1.610616,0.305337,0.389671,0.139415,0.117143,0.185002
395,0.608113,1.792647,0.116921,0.000000,nan,nan,0.608113,nan,nan,nan
396,0.528112,1.881744,0.444844,0.708365,1.957034,0.555504,-0.180253,-0.075290,-0.110660,0.050405
397,1.363639,1.360100,0.383800,2.663047,2.593553,0.280282,-1.299409,-1.233454,0.103518,3.220586
398,1.126541,0.672760,0.108343,1.916793,0.723236,0.111580,-0.790252,-0.050476,-0.003238,0.627057
399,0.987152,1.701983,0.347250,0.617412,1.372337,0.616222,0.369740,0.329646,-0.268972,0.317720
400,1.748039,1.879655,0.135252,1.290828,1.702182,0.205225,0.457210,0.177473,-0.069973,0.245434
401,1.766727,0.864975,0.335549,2.355778,0.932696,0.347487,-0.589052,-0.067721,-0.011938,0.351711
402,1.285944,1.093650,0.224110,3.097578,2.229727,0.116684,-1.811634,-1.136077,0.107426,4.584231
403,1.009270,0.999603,0.167253,0.530766,0.763925,0.255678,0.478504,0.235678,-0.088425,0.292329
404,1.265725,0.671040,0.303981,0.560310,0.723644,0.343462,0.705415,-0.052604,-0.039481,0.501936
405,1.858884,1.024063,0.390952,1.950698,1.126379,0.454149,-0.091814,-0.102316,-0.063198,0.022892
406,1.728423,1.722556,0.194508,1.382572,1.589229,0.121000,0.345850,0.133326,0.073507,0.142792
407,0.719666,0.795908,0.340960,4.424154,1.561147,0.351853,-3.704488,-0.765239,-0.010894,14.308941
408,1.640323,1.483264,0.170858,2.743843,2.517183,0.207634,-1.103520,-1.033919,-0.036775,2.288098
409,1.659272,1.241176,0.401778,1.509028,1.456053,0.355614,0.150244,-0.214877,0.046164,0.070877
410,1.639816,1.173358,0.469662,1.564854,1.404109,0.395421,0.074962,-0.230751,0.074241,0.064377
411,1.346738,1.452947,0.349809,1.215546,1.140470,0.331029,0.131191,0.312477,0.018780,0.115206
412,1.796370,1.440826,0.160383,3.750943,1.841338,0.194474,-1.954573,-0.400512,-0.034091,3.981927
413,0.602429,1.163312,0.221128,0.000000,nan,nan,0.602429,nan,nan,nan
414,0.912011,0.584258,0.302935,0.766021,0.529313,0.342207,0.145990,0.054945,-0.039272,0.025874
415,0.965612,1.177871,0.122756,0.781185,1.084631,0.334431,0.184427,0.093240,-0.211675,0.087513
416,1.747545,0.615097,0.445700,1.171202,0.723443,0.449340,0.576343,-0.108346,-0.003640,0.343923
417,1.782940,1.422513,0.302827,1.505815,1.459160,0.205708,0.277125,-0.036647,0.097119,0.087573
418,1.194067,1.331475,0.416727,1.183223,1.171626,0.590339,0.010845,0.159849,-0.173612,0.055810
419,1.843815,1.174601,0.423926,1.216549,1.139530,0.227284,0.627266,0.035070,0.196642,0.433361
420,1.477756,0.982290,0.290252,2.097763,1.047413,0.253345,-0.620007,-0.065123,0.036907,0.390012
421,0.726292,0.592811,0.141401,0.652414,0.621485,0.136893,0.073878,-0.028674,0.004508,0.006300
422,1.848690,1.015157,0.385726,1.435975,0.965403,0.368464,0.412715,0.049754,0.017263,0.173107
423,1.256824,0.758838,0.199097,0.750549,0.540225,0.301920,0.506275,0.218613,-0.102823,0.314679
424,1.156637,1.159133,0.309099,2.024687,1.085217,0.284170,-0.868050,0.073916,0.024929,0.759596
425,0.738119,1.059278,0.213157,1.638943,1.340635,0.116985,-0.900823,-0.281357,0.096172,0.899894
426,1.113154,1.007551,0.339154,1.396716,0.992538,0.416263,-0.283562,0.015012,-0.077109,0.086579
427,1.683840,1.470958,0.126365,2.264017,3.050664,-0.193634,-0.580177,-1.579705,0.319998,2.934474
428,0.641759,1.517569,0.213659,1.332370,1.649110,0.280684,-0.690611,-0.131541,-0.067025,0.498739
429,1.585600,1.484846,0.462537,1.411369,1.556804,0.491079,0.174232,-0.071958,-0.028542,0.036349
430,1.809919,1.000043,0.333096,1.604631,0.863933,0.389387,0.205289,0.136110,-0.056291,0.063838
431,0.712143,1.024731,0.487079,-0.462085,0.877468,0.485805,1.174228,0.147263,0.001274,1.400499
432,1.547720,1.087937,0.338016,0.981528,0.863243,0.353435,0.566192,0.224694,-0.015419,0.371298
433,1.907003,0.964373,0.250672,2.211890,0.993370,0.230879,-0.304887,-0.028997,0.019792,0.094188
434,1.687493,1.719777,0.368047,1.688032,1.301649,0.526741,-0.000539,0.418129,-0.158694,0.200016
435,1.743438,1.608162,0.374166,2.510448,2.751204,0.259077,-0.767009,-1.143042,0.115088,1.908094
436,1.289590,1.469037,0.269363,0.715074,1.184910,0.347349,0.574516,0.284128,-0.077987,0.416879
437,1.042742,1.043897,0.172105,0.790894,1.071317,0.079720,0.251848,-0.027420,0.092385,0.072714
438,0.821289,1.921502,0.294508,1.027538,2.138340,0.246958,-0.206249,-0.216838,0.047550,0.091818
439,0.839815,0.706348,0.130866,1.999064,0.693472,0.134718,-1.159249,0.012876,-0.003852,1.344039
440,1.766643,0.651711,0.408350,0.510585,0.794119,0.373280,1.256058,-0.142408,0.035070,1.599191
441,1.752680,1.825523,0.115099,1.401969,1.567242,0.116165,0.350711,0.258281,-0.001066,0.189708
442,1.005147,1.649461,0.152420,0.987863,1.403327,0.272735,0.017284,0.246134,-0.120316,0.075357
443,1.065080,0.743371,0.432538,1.451080,0.955354,0.351333,-0.386000,-0.211983,0.081205,0.200527
444,1.656647,1.713566,0.166216,1.426689,1.540087,0.119300,0.229958,0.173479,0.046915,0.085177
445,1.156510,1.116288,0.370545,0.813027,1.042152,0.343967,0.343483,0.074136,0.026579,0.124183
446,0.856295,1.166298,0.213971,1.768063,1.242730,0.190560,-0.911768,-0.076432,0.023411,0.837710
447,1.622805,1.173392,0.313604,1.272019,1.089838,0.229872,0.350786,0.083554,0.083733,0.137043
448,0.964202,1.712936,0.287606,0.517165,1.638352,0.202755,0.447037,0.074584,0.084851,0.212605
449,1.752670,1.051761,0.478852,0.496272,0.817022,0.529004,1.256398,0.234739,-0.050152,1.636155
450,1.976660,1.192520,0.212709,1.924368,1.141790,0.167180,0.052292,0.050730,0.045529,0.007381
451,1.072809,1.291190,0.486507,0.758704,1.116770,0.671276,0.314105,0.174420,-0.184769,0.163223
452,1.725337,1.701889,0.155359,2.388242,2.891983,-0.190678,-0.662905,-1.190094,0.346038,1.975509
453,0.875005,1.461769,0.449647,0.896868,1.545705,0.545097,-0.021864,-0.083937,-0.095450,0.016634
454,1.331811,0.653885,0.438357,0.000000,nan,nan,1.331811,nan,nan,nan
455,1.776749,0.927595,0.405247,1.070354,0.791605,0.470582,0.706395,0.135990,-0.065335,0.521755
456,0.909187,1.857959,0.158939,1.200112,1.830850,0.157088,-0.290925,0.027109,0.001852,0.085375
457,1.156209,1.919620,0.188815,1.371014,1.602627,0.356749,-0.214805,0.316993,-0.167934,0.174827
458,1.176692,1.024378,0.110668,1.869344,1.175399,0.105086,-0.692652,-0.151021,0.005582,0.502605
459,0.579885,1.253011,0.194311,-0.337583,1.201084,0.240144,0.917468,0.051927,-0.045832,0.846545
460,1.991788,1.062369,0.111275,2.151357,1.021320,0.070713,-0.159569,0.041049,0.040562,0.028793
461,1.896239,1.758764,0.359984,2.449567,2.819581,0.389002,-0.553328,-1.060817,-0.029018,1.432347
462,1.687071,0.706399,0.214752,2.598924,0.845436,0.173727,-0.911853,-0.139037,0.041025,0.852489
463,1.744642,1.544108,0.155517,1.498647,1.466139,0.312878,0.245995,0.077969,-0.157361,0.091355
464,1.558304,1.172902,0.102100,1.568074,1.401225,0.005722,-0.009770,-0.228323,0.096378,0.061516
465,0.618839,0.883886,0.433985,0.420569,0.964087,0.370934,0.198270,-0.080201,0.063051,0.049718
466,1.323206,1.590852,0.311109,1.028565,1.347795,0.324398,0.294642,0.243057,-0.013290,0.146067
467,0.666780,0.932152,0.220460,0.793010,1.068458,0.202722,-0.126230,-0.136305,0.017739,0.034828
468,0.571624,1.129738,0.417560,0.657416,1.288830,0.325754,-0.085792,-0.159092,0.091806,0.041099
469,1.185670,0.666287,0.462059,0.703449,0.576396,0.495718,0.482221,0.089891,-0.033659,0.241751
470,1.395109,0.524653,0.306150,0.754160,0.537638,0.293979,0.640949,-0.012985,0.012172,0.411132
471,0.862907,0.715365,0.271696,1.059501,0.799714,0.288540,-0.196594,-0.084349,-0.016845,0.046048
472,1.422214,0.860846,0.266627,1.933515,0.716981,0.363324,-0.511301,0.143865,-0.096697,0.291476
473,1.496557,0.628421,0.489862,0.629792,0.643808,0.496627,0.866765,-0.015387,-0.006766,0.751564
474,0.601519,1.289089,0.302931,0.958671,1.446058,0.273807,-0.357152,-0.156969,0.029124,0.153045
475,1.982497,1.331228,0.256181,4.236259,1.630390,0.239509,-2.253762,-0.299162,0.016673,5.169220
476,1.205203,1.453506,0.492416,1.459308,1.505662,0.530873,-0.254105,-0.052156,-0.038457,0.068769
477,0.880475,0.524363,0.415408,0.751666,0.539422,0.407333,0.128810,-0.015059,0.008075,0.016884
478,1.017204,1.599412,0.351303,1.246574,1.762610,0.339249,-0.229371,-0.163199,0.012053,0.079390
479,1.657252,1.602780,0.233007,2.662819,2.593776,0.253961,-1.005567,-0.990995,-0.020954,1.993675
480,0.566504,1.319021,0.425404,0.000000,nan,nan,0.566504,nan,nan,nan
481,0.762634,1.668714,0.285849,1.234880,1.779303,0.033025,-0.472246,-0.110589,0.252824,0.299166
482,1.543084,1.447604,0.424599,2.899536,2.382021,0.488019,-1.356452,-0.934417,-0.063420,2.717120
483,0.594651,1.664286,0.283072,0.000000,nan,nan,0.594651,nan,nan,nan
484,0.940164,0.565709,0.179788,-0.799356,0.507240,0.209256,1.739520,0.058470,-0.029469,3.030216
485,0.562859,1.900056,0.306153,0.461473,1.836074,0.182273,0.101386,0.063983,0.123881,0.029719
486,1.983684,1.314546,0.201326,1.681033,1.307068,0.193859,0.302651,0.007478,0.007466,0.091709
487,1.629936,0.786655,0.242790,0.427984,0.947384,0.180350,1.201952,-0.160729,0.062440,1.474422
488,1.671262,1.798697,0.232770,2.446131,2.823542,0.307274,-0.774869,-1.024845,-0.074505,1.656280
489,0.686713,1.052029,0.455795,0.000000,nan,nan,0.686713,nan,nan,nan
490,1.614962,1.841956,0.254658,2.077775,3.324112,-0.147653,-0.462813,-1.482155,0.402310,2.572834
491,1.960585,1.244305,0.299009,4.508605,1.531905,0.379743,-2.548020,-0.287600,-0.080734,6.581638
492,1.886466,1.278914,0.420459,1.183164,1.171684,0.505723,0.703301,0.107230,-0.085263,0.513401
493,1.590622,0.618391,0.340981,1.445673,0.586092,0.346096,0.144949,0.032298,-0.005115,0.022080
494,1.733512,1.318212,0.228485,2.344465,0.937197,0.362283,-0.610953,0.381015,-0.133798,0.536338
495,0.620103,1.491379,0.222598,0.635724,1.332809,0.204536,-0.015620,0.158570,0.018063,0.025715
496,1.403932,1.139174,0.375906,3.244609,2.128686,0.390267,-1.840677,-0.989512,-0.014361,4.367431
497,1.027320,0.563533,0.448015,0.756396,0.536049,0.461877,0.270924,0.027484,-0.013863,0.074348
498,1.028839,1.997226,0.209822,1.769265,3.903742,-0.301847,-0.740426,-1.906516,0.511669,4.444840
499,1.970041,1.921857,0.130016,2.182926,3.163990,-0.128965,-0.212885,-1.242133,0.258981,1.655286
500,1.456269,1.044967,0.420438,0.000000,nan,nan,1.456269,nan,nan,nan
501,1.519116,1.929184,0.157112,2.205760,3.131236,0.127684,-0.686644,-1.202052,0.029428,1.917275
502,1.411359,1.671968,0.113920,1.470991,1.493704,0.305033,-0.059632,0.178264,-0.191113,0.071858
503,0.600850,1.667773,0.246531,0.279148,1.452508,0.392319,0.321702,0.215265,-0.145787,0.171085
504,1.074282,1.350867,0.342038,3.489232,1.979449,0.367961,-2.414950,-0.628582,-0.025923,6.227771
505,1.518593,1.923235,0.248805,2.299597,3.003463,0.363113,-0.781004,-1.080228,-0.114307,1.789926
506,1.644627,1.360883,0.311784,2.811751,2.456389,0.250742,-1.167125,-1.095506,0.061042,2.566040
507,1.097051,1.474341,0.199845,1.265439,1.095505,0.520531,-0.168388,0.378837,-0.320687,0.274712
508,0.670173,1.603512,0.299618,0.503399,1.683155,0.249014,0.166774,-0.079643,0.050603,0.036717
509,1.080481,1.342509,0.204711,0.753351,1.124706,0.297018,0.327130,0.217803,-0.092307,0.162973
510,0.890435,1.169410,0.498546,2.998276,2.303576,0.293992,-2.107841,-1.134166,0.204554,5.771169
511,0.928365,1.874718,0.296480,0.723751,1.915431,-0.130827,0.204615,-0.040713,0.427307,0.226116
512,0.683956,1.779239,0.280817,0.455934,1.858378,0.255812,0.228022,-0.079139,0.025005,0.058882
513,1.848019,1.167667,0.135116,2.210897,0.993816,0.148940,-0.362878,0.173851,-0.013824,0.162096
514,1.522894,1.768282,0.227835,2.141830,3.224698,0.045664,-0.618936,-1.456416,0.182171,2.537417
515,1.021138,0.597409,0.316869,-0.764816,0.530148,0.293698,1.785954,0.067261,0.023170,3.194691
516,1.836998,1.777043,0.384724,2.252132,3.066762,0.311545,-0.415135,-1.289719,0.073179,1.841068
517,1.890987,1.456550,0.417479,3.281614,2.104682,0.416627,-1.390627,-0.648132,0.000852,2.353920
518,1.263134,0.682044,0.180392,0.000000,nan,nan,1.263134,nan,nan,nan
519,0.708315,1.685560,0.110514,0.461953,1.834164,-0.273985,0.246362,-0.148604,0.384498,0.230616
520,1.331032,1.053367,0.421465,1.578961,0.877979,0.560554,-0.247929,0.175388,-0.139089,0.111575
521,1.327470,1.417923,0.134486,1.602238,1.371347,0.366628,-0.274768,0.046575,-0.232142,0.131557
522,0.963936,1.999393,0.387548,1.145422,1.918267,0.492262,-0.181486,0.081126,-0.104714,0.050484
523,1.288543,1.653747,0.429336,1.404175,1.564780,0.355405,-0.115631,0.088967,0.073931,0.026751
524,0.610626,1.958570,0.356935,0.476240,1.779141,0.077872,0.134386,0.179428,0.279063,0.128131
525,1.174962,1.520163,0.237806,2.250114,3.069514,0.007686,-1.075152,-1.549350,0.230119,3.609393
526,1.816940,1.670394,0.355918,3.117542,2.215449,0.273170,-1.300602,-0.545054,0.082747,1.995496
527,0.772945,1.949397,0.273047,0.863503,1.605430,0.555437,-0.090559,0.343967,-0.282389,0.206258
528,1.866068,0.583119,0.149664,1.319260,0.642252,0.125503,0.546808,-0.059133,0.024161,0.303080
529,0.729523,0.746986,0.229064,1.270570,0.666864,0.216112,-0.541047,0.080121,0.012952,0.299319
530,1.563998,1.019035,0.476362,1.854188,0.747656,0.622594,-0.290190,0.271379,-0.146233,0.179241
531,1.842389,1.768901,0.200242,1.941220,3.557945,-0.290151,-0.098831,-1.789044,0.490393,3.450932
532,1.452586,1.326262,0.150068,0.326309,1.242581,0.133920,1.126277,0.083681,0.016148,1.275763
533,0.954237,1.300217,0.301029,0.821195,1.031786,0.383011,0.133042,0.268431,-0.081982,0.096476
534,0.752954,1.912410,0.161678,0.722416,1.918970,-0.150093,0.030538,-0.006560,0.311771,0.098177
535,1.488099,1.580949,0.342056,0.842178,1.646083,0.222328,0.645922,-0.065134,0.119728,0.435792
536,1.763795,1.345427,0.430095,2.747600,2.513741,0.262789,-0.983805,-1.168314,0.167305,2.360821
537,0.542560,0.568193,0.356581,1.730402,0.489654,0.377492,-1.187842,0.078539,-0.020911,1.417574
538,1.365157,1.476695,0.406784,1.313002,1.673435,0.336292,0.052154,-0.196740,0.070491,0.046396
539,1.124880,1.458487,0.299215,1.563269,1.405532,0.446616,-0.438389,0.052955,-0.147400,0.216716
540,1.440746,0.934507,0.482660,1.557105,0.890302,0.631201,-0.116359,0.044205,-0.148541,0.037558
541,1.224417,1.707032,0.373996,0.610521,1.387827,0.619692,0.613896,0.319205,-0.245695,0.539126
542,0.946151,0.609460,0.123965,0.701430,0.578055,0.158977,0.244721,0.031404,-0.035012,0.062100
543,1.159408,1.226377,0.181609,2.443610,2.826456,-0.083215,-1.284202,-1.600079,0.264824,4.279558
544,1.409990,0.968874,0.387345,1.499813,0.924312,0.506361,-0.089822,0.044562,-0.119016,0.024219
545,1.601300,1.791166,0.490150,1.525207,1.440608,0.564572,0.076093,0.350558,-0.074422,0.134220
546,0.696149,1.055810,0.324660,0.435687,0.930634,0.316781,0.260462,0.125176,0.007880,0.083572
547,0.978674,1.199709,0.206989,2.468860,2.797549,-0.078702,-1.490186,-1.597840,0.285691,4.855365
548,0.871878,0.645217,0.216085,0.000000,nan,nan,0.871878,nan,nan,nan
549,1.076225,1.423066,0.199308,0.570428,1.485371,0.178469,0.505796,-0.062305,0.020839,0.260146
550,1.797961,0.739549,0.230974,1.192775,0.710358,0.208450,0.605186,0.029191,0.022524,0.367610
551,1.366531,0.969072,0.405249,4.323736,1.597404,0.341832,-2.957206,-0.628332,0.063416,9.143889
552,1.247398,1.272087,0.299504,1.646805,1.334235,0.321045,-0.399407,-0.062147,-0.021541,0.163852
553,0.962811,0.534764,0.478093,2.284643,0.606788,0.468912,-1.321833,-0.072024,0.009181,1.752513
554,1.258167,1.950030,0.186058,1.983351,3.482367,0.186066,-0.725184,-1.532337,-0.000008,2.873948
555,1.029343,0.575811,0.297958,3.570067,0.615457,0.306209,-2.540725,-0.039647,-0.008251,6.456923
556,1.823509,1.481390,0.288235,2.941636,2.347930,0.316970,-1.118126,-0.866540,-0.028735,2.001924
557,1.305036,1.770759,0.272371,1.194720,1.839112,0.175772,0.110316,-0.068353,0.096599,0.026173
558,1.823684,1.591262,0.405543,2.595694,2.660851,0.291926,-0.772011,-1.069588,0.113617,1.752929
559,1.048906,1.100872,0.328113,1.202802,1.152554,0.254905,-0.153896,-0.051681,0.073208,0.031714
560,0.791983,1.329834,0.129413,0.789644,1.073012,0.487787,0.002339,0.256822,-0.358374,0.194395
561,1.256383,1.646606,0.211888,2.029204,3.403677,-0.252625,-0.772821,-1.757071,0.464514,3.900322
562,1.983636,1.520598,0.147524,1.432782,1.533537,0.085538,0.550854,-0.012939,0.061986,0.307450
563,1.962624,1.090856,0.417959,3.059213,2.257690,0.230124,-1.096589,-1.166835,0.187835,2.599292
564,1.008628,1.908423,0.401986,1.280726,1.715608,0.628930,-0.272098,0.192815,-0.226944,0.162718
565,0.798587,1.263684,0.300031,0.339888,1.192936,0.258932,0.458698,0.070748,0.041099,0.217099
566,0.567955,0.705555,0.233216,0.000000,nan,nan,0.567955,nan,nan,nan
567,1.210616,1.185483,0.342504,1.815690,1.210132,0.432076,-0.605074,-0.024649,-0.089572,0.374745
568,1.273259,0.991949,0.345227,0.813158,1.041984,0.297983,0.460100,-0.050035,0.047244,0.216428
569,0.743753,1.985924,0.395728,0.829397,2.649182,-0.056866,-0.085644,-0.663258,0.452594,0.652088
570,0.948852,1.004560,0.431316,0.965692,0.877399,0.515565,-0.016841,0.127161,-0.084249,0.023551
571,1.298510,1.563110,0.219916,0.562147,1.507253,0.027618,0.736363,0.055857,0.192298,0.582329
572,1.723623,1.052537,0.369523,1.393237,0.995017,0.351415,0.330386,0.057520,0.018107,0.112791
573,1.969847,1.375553,0.418702,1.233108,1.124228,0.250040,0.736739,0.251325,0.168662,0.634396
574,1.587986,1.532065,0.110659,3.066734,2.252153,0.014480,-1.478747,-0.720088,0.096179,2.714471
575,1.211885,1.950606,0.413162,1.225228,1.793318,0.689474,-0.013343,0.157288,-0.276312,0.101266
576,1.664243,1.366452,0.388560,2.209178,3.126391,-0.013222,-0.544935,-1.759939,0.401782,3.555770
577,1.375285,0.755768,0.351610,2.155224,1.019488,0.325905,-0.779939,-0.263720,0.025705,0.678514
578,1.429604,1.761751,0.159110,2.020468,3.418394,-0.003856,-0.590864,-1.656644,0.162966,3.120146
579,1.521090,0.547356,0.479282,0.855624,0.473882,0.522749,0.665466,0.073474,-0.043467,0.450133
580,0.664843,0.528406,0.225477,-0.950339,0.426653,0.234036,1.615182,0.101753,-0.008559,2.619241
581,0.727147,1.535750,0.264151,1.253786,1.752471,0.004085,-0.526639,-0.216721,0.260066,0.391951
582,1.662458,1.880781,0.449127,2.657873,2.598603,0.301531,-0.995414,-0.717821,0.147596,1.527901
583,1.603756,0.593422,0.155233,4.947676,0.444092,0.196728,-3.343920,0.149330,-0.041495,11.205821
584,0.811013,0.987574,0.364891,0.869910,0.974006,0.367957,-0.058897,0.013568,-0.003066,0.003662
585,1.288216,0.970629,0.169273,0.000000,nan,nan,1.288216,nan,nan,nan
586,1.868186,1.013491,0.241715,1.256304,1.103471,0.184374,0.611883,-0.089980,0.057341,0.385785
587,1.657985,1.581387,0.357324,2.452160,2.816600,0.173587,-0.794176,-1.235213,0.183737,2.190226
588,1.539970,1.415115,0.176906,2.892524,2.387795,0.217266,-1.352554,-0.972681,-0.040361,2.777138
589,0.869779,1.337130,0.189947,1.243631,1.114715,0.424174,-0.373852,0.222415,-0.234227,0.244096
590,1.959366,0.946422,0.215602,1.464688,0.946478,0.226756,0.494678,-0.000056,-0.011155,0.244831
591,0.810917,1.557482,0.226816,0.915143,1.514839,0.213648,-0.104226,0.042643,0.013168,0.012855
592,1.023205,1.900551,0.418162,1.915827,3.605104,0.458798,-0.892622,-1.704553,-0.040636,3.703927
593,0.910186,0.682811,0.370649,2.732360,0.804149,0.381435,-1.822174,-0.121338,-0.010786,3.335156
594,1.069541,1.970241,0.427351,1.212026,1.812853,0.435261,-0.142485,0.157388,-0.007910,0.045135
595,1.931913,1.706924,0.216181,2.206391,3.130340,-0.045664,-0.274478,-1.423416,0.261845,2.170015
596,0.931446,1.571212,0.238545,0.492524,1.720318,-0.104106,0.438922,-0.149106,0.342652,0.332295
597,1.163564,0.884666,0.291632,1.585106,0.874575,0.335315,-0.421542,0.010091,-0.043684,0.179707
598,0.803102,1.307867,0.473210,0.970226,1.428837,0.456449,-0.167124,-0.120970,0.016760,0.042845
599,1.544257,0.705909,0.346271,2.814028,0.780811,0.317514,-1.269771,-0.074902,0.028757,1.618757
600,1.380246,0.863687,0.367934,2.018980,0.686631,0.433215,-0.638734,0.177056,-0.065282,0.443592
601,1.296562,1.456917,0.120996,2.650401,2.605928,0.129731,-1.353839,-1.149011,-0.008734,3.153183
602,1.119952,1.576037,0.140218,1.351514,1.625751,0.087991,-0.231562,-0.049714,0.052227,0.058820
603,1.656149,0.507772,0.320141,1.626832,0.520827,0.323984,0.029317,-0.013055,-0.003843,0.001045
604,1.893650,1.110361,0.474013,0.866239,0.978135,0.480192,1.027411,0.132227,-0.006179,1.073095
605,1.817599,1.216173,0.179782,1.810627,1.213516,0.134031,0.006972,0.002657,0.045752,0.002149
606,1.945871,0.981752,0.358359,0.525294,0.771882,0.423684,1.420577,0.209869,-0.065325,2.066352
607,1.861905,0.634191,0.329653,0.000000,nan,nan,1.861905,nan,nan,nan
608,1.302728,1.584677,0.474668,1.155319,1.199923,0.624652,0.147409,0.384753,-0.149984,0.192260
609,1.869845,0.762597,0.452898,2.322322,0.946133,0.458310,-0.452478,-0.183535,-0.005412,0.238450
610,0.763683,1.879452,0.498869,0.637756,2.173706,0.232484,0.125927,-0.294254,0.266385,0.173404
611,1.095492,1.243076,0.474643,2.752925,2.508878,0.407880,-1.657433,-1.265802,0.066763,4.353799
612,1.943197,1.889060,0.450697,2.852645,2.421175,0.419732,-0.909448,-0.532116,0.030965,1.111202
613,0.513901,1.351943,0.142920,0.348443,1.163648,0.231054,0.165458,0.188295,-0.088133,0.070599
614,1.974491,0.926842,0.495640,2.203813,0.997010,0.451371,-0.229322,-0.070168,0.044269,0.059472
615,1.314951,1.240869,0.475424,2.096664,1.047962,0.487328,-0.781713,0.192906,-0.011904,0.648430
616,1.776590,1.202031,0.177125,1.211685,1.144104,0.167100,0.564904,0.057927,0.010025,0.322573
617,0.668970,0.743741,0.283566,0.000000,nan,nan,0.668970,nan,nan,nan
618,0.885897,0.779299,0.394647,0.581595,0.697161,0.394276,0.304303,0.082138,0.000371,0.099347
619,1.686151,1.351672,0.402913,2.778031,2.486205,0.163831,-1.091879,-1.134534,0.239082,2.536527
620,0.763242,1.784220,0.458817,1.913601,3.609298,0.246811,-1.150358,-1.825078,0.212006,4.699180
621,1.740485,1.272921,0.134695,0.647450,1.308670,-0.084215,1.093035,-0.035749,0.218910,1.243925
622,1.503884,0.777172,0.156245,1.592391,0.870574,0.100480,-0.088507,-0.093402,0.055765,0.019667
623,0.985403,0.872071,0.204314,0.000000,nan,nan,0.985403,nan,nan,nan
624,0.853282,1.630635,0.481614,1.041268,1.331352,0.731750,-0.187986,0.299283,-0.250136,0.187477
625,0.952919,1.584324,0.104574,1.222160,1.797821,-0.001790,-0.269241,-0.213497,0.106365,0.129385
626,1.480525,1.539153,0.124850,2.255884,3.061662,-0.128040,-0.775359,-1.522509,0.252889,2.983169
627,0.677337,0.960210,0.262167,0.000000,nan,nan,0.677337,nan,nan,nan
628,1.253781,1.842678,0.381423,1.175593,1.869035,0.211093,0.078188,-0.026357,0.170329,0.035820
629,0.966467,0.676124,0.466452,0.785756,0.516019,0.494953,0.180711,0.160104,-0.028501,0.059102
630,0.942556,1.421938,0.187651,2.110651,1.041017,0.508082,-1.168095,0.380921,-0.320431,1.612222
631,0.700353,0.729778,0.399094,-1.328349,0.637858,0.408868,2.028702,0.091920,-0.009774,4.124177
632,1.408608,1.123768,0.319694,1.667498,1.317678,0.346004,-0.258889,-0.193909,-0.026310,0.105317
633,1.206242,1.306277,0.365638,1.854378,1.184885,0.372074,-0.648136,0.121391,-0.006436,0.434857
634,0.827617,0.871198,0.401896,0.000000,nan,nan,0.827617,nan,nan,nan
635,1.809703,0.622805,0.278699,0.894815,0.453128,0.348359,0.914888,0.169678,-0.069660,0.870663
636,1.555649,0.617154,0.325667,2.980616,0.737171,0.355835,-1.424967,-0.120017,-0.030167,2.045844
637,0.592637,1.321474,0.302195,0.315551,1.284944,0.370917,0.277086,0.036529,-0.068723,0.082834
638,1.359053,0.724779,0.231247,1.707548,0.811863,0.161150,-0.348496,-0.087084,0.070097,0.133946
639,1.280512,0.674360,0.182161,0.715769,0.566475,0.211044,0.564744,0.107885,-0.028884,0.331409
640,1.374722,0.636412,0.304150,1.885193,0.735359,0.308662,-0.510472,-0.098947,-0.004512,0.270392
641,1.713038,1.180148,0.305299,0.754320,1.123261,0.340928,0.958718,0.056888,-0.035628,0.923647
642,1.185198,0.586605,0.284951,2.120962,0.653616,0.263865,-0.935764,-0.067011,0.021086,0.880590
643,1.710373,1.584920,0.258379,2.280979,3.027978,0.101039,-0.570606,-1.443058,0.157340,2.432763
644,1.724680,1.618707,0.331325,1.073150,1.291799,0.156409,0.651530,0.326908,0.174915,0.561955
645,0.567935,1.016793,0.125504,0.000000,nan,nan,0.567935,nan,nan,nan
646,1.991185,1.901874,0.127608,1.419512,1.547873,0.141956,0.571674,0.354001,-0.014348,0.452333
647,1.900663,0.547602,0.263547,1.385535,0.611531,0.247508,0.515129,-0.063929,0.016039,0.269702
648,1.653458,1.648742,0.491333,2.433743,2.837915,0.531044,-0.780285,-1.189173,-0.039711,2.024554
649,1.468821,1.130543,0.497143,1.578387,1.392070,0.422071,-0.109566,-0.261527,0.075072,0.086037
650,1.073719,1.804430,0.462707,2.277879,3.032099,0.256085,-1.204159,-1.227669,0.206622,2.999864
651,1.063468,1.524096,0.364717,0.872779,1.588367,0.221528,0.190689,-0.064272,0.143189,0.060996
652,1.308950,1.480301,0.239108,1.583943,1.387186,0.319046,-0.274993,0.093115,-0.079939,0.090682
653,0.767710,1.305888,0.311537,1.287070,1.077093,0.579396,-0.519360,0.228794,-0.267859,0.393830
654,1.591787,0.834035,0.101389,1.105297,0.766579,0.088691,0.486490,0.067456,0.012698,0.241384
655,0.534103,0.947544,0.369400,0.971041,0.872567,0.511941,-0.436938,0.074978,-0.142541,0.216854
656,1.316668,1.297900,0.429344,2.732975,2.527193,0.355260,-1.416307,-1.229293,0.074084,3.522573
657,0.871268,1.019240,0.210260,0.799733,1.059476,0.115503,0.071535,-0.040237,0.094757,0.015715
658,1.906116,1.587536,0.145138,1.710953,1.284211,0.197594,0.195163,0.303325,-0.052456,0.132846
659,1.714217,1.128861,0.406421,1.893480,1.160416,0.327800,-0.179262,-0.031555,0.078622,0.039312
660,1.825635,0.523469,0.182433,3.979083,0.552194,0.215185,-2.153448,-0.028725,-0.032753,4.639235
661,0.651345,0.550364,0.339114,0.950541,0.426563,0.347769,-0.299196,0.123802,-0.008655,0.104920
662,1.554929,0.573014,0.396216,2.384775,0.581310,0.365827,-0.829845,-0.008296,0.030389,0.689635
663,1.103398,0.851509,0.186908,0.975216,0.868831,0.181505,0.128182,-0.017322,0.005402,0.016760
664,1.795595,0.584666,0.301558,3.246169,0.676867,0.294884,-1.450574,-0.092201,0.006675,2.112711
665,0.933895,1.723679,0.392607,0.733030,1.891183,0.462409,0.200865,-0.167503,-0.069802,0.073276
666,0.978356,1.396877,0.369013,2.129389,3.243538,0.159097,-1.151034,-1.846661,0.209916,4.779102
667,0.980998,0.952647,0.157304,1.759900,0.787712,0.270049,-0.778902,0.164935,-0.112745,0.646604
668,1.490319,0.831564,0.220200,0.512174,0.791655,0.211004,0.978145,0.039909,0.009196,0.958444
669,0.591436,1.922780,0.451886,0.383858,2.207324,-0.044882,0.207579,-0.284543,0.496768,0.370832
670,1.867366,1.438990,0.270880,2.110344,1.041169,0.384175,-0.242978,0.397821,-0.113294,0.230135
671,1.243431,1.958435,0.476635,1.874456,3.684673,0.096259,-0.631024,-1.726237,0.380375,3.522772
672,1.507014,1.678707,0.227494,0.646134,1.311335,0.200009,0.860880,0.367372,0.027485,0.876832
673,1.124487,0.723826,0.250584,0.000000,nan,nan,1.124487,nan,nan,nan
674,1.631624,1.210278,0.439736,1.273429,1.088631,0.464823,0.358195,0.121647,-0.025086,0.143731
675,0.951105,1.561365,0.422310,1.042676,1.329554,0.661618,-0.091571,0.231811,-0.239307,0.119390
676,1.872112,1.343579,0.487114,2.719542,2.539676,0.352041,-0.847430,-1.196097,0.135074,2.167031
677,1.335930,0.701139,0.197143,2.160416,0.641679,0.202293,-0.824486,0.059460,-0.005150,0.683339
678,0.805005,1.470059,0.468890,2.310492,2.989300,0.516931,-1.505487,-1.519241,-0.048040,4.576894
679,1.770700,0.638696,0.389834,1.314975,0.644345,0.393702,0.455725,-0.005649,-0.003868,0.207732
680,0.785722,0.902692,0.369469,-0.454006,0.893083,0.298204,1.239728,0.009609,0.071265,1.542097
681,1.404383,1.810431,0.175265,1.082589,2.029601,-0.004160,0.321794,-0.219170,0.179425,0.183780
682,1.642545,1.586458,0.323540,2.284304,3.023570,0.094526,-0.641760,-1.437112,0.229015,2.529595
683,1.219091,1.804211,0.233186,2.136220,3.233167,0.185341,-0.917128,-1.428956,0.047845,2.885329
684,1.935530,0.523001,0.474864,0.907831,0.446630,0.523052,1.027698,0.076370,-0.048188,1.064318
685,1.943116,0.675974,0.499829,1.809251,0.468314,0.507630,0.133865,0.207660,-0.007801,0.061104
686,1.218381,0.863890,0.341761,0.000000,nan,nan,1.218381,nan,nan,nan
687,0.806770,1.872690,0.320832,1.089282,2.017132,0.193666,-0.282512,-0.144442,0.127165,0.116847
688,1.663271,1.070993,0.313460,0.937023,0.904245,0.363787,0.726248,0.166748,-0.050327,0.557774
689,1.038889,0.892342,0.305127,1.037533,0.816646,0.300545,0.001356,0.075696,0.004582,0.005753
690,1.245916,0.647912,0.492527,3.373479,0.651323,0.528703,-2.127563,-0.003411,-0.036175,4.527844
691,1.204236,1.759597,0.465732,0.850377,1.630211,0.368443,0.353858,0.129386,0.097289,0.151422
692,1.056057,1.120895,0.325010,1.563066,0.886907,0.443799,-0.507009,0.233988,-0.118789,0.325919
693,0.831911,0.718884,0.204310,1.253573,0.675906,0.255739,-0.421662,0.042978,-0.051429,0.182291
694,1.902137,1.368714,0.267031,3.492685,1.977492,0.211691,-1.590547,-0.608777,0.055340,2.903513
695,0.728617,0.994798,0.251936,-0.583727,0.694614,0.434686,1.312344,0.300183,-0.182750,1.845754
696,1.750044,1.248952,0.361843,2.701790,2.556363,0.202972,-0.951746,-1.307411,0.158871,2.640382
697,1.527270,0.885990,0.428637,0.861191,0.983867,0.354388,0.666078,-0.097877,0.074249,0.458753
698,1.949762,1.462542,0.296238,2.639343,2.616846,0.059820,-0.689581,-1.154304,0.236418,1.863833
699,0.752350,1.692463,0.167706,0.972113,2.260256,-0.111659,-0.219763,-0.567793,0.279366,0.448730
700,1.580470,1.232474,0.466760,2.773497,2.490270,0.291302,-1.193026,-1.257795,0.175458,3.036146
701,1.313205,1.462714,0.123493,3.036049,2.274916,0.174891,-1.722843,-0.812202,-0.051398,3.630502
702,0.550736,1.770046,0.478075,0.826097,1.678126,0.568289,-0.275361,0.091921,-0.090214,0.092412
703,1.502323,1.646508,0.264957,2.236161,3.088666,0.050791,-0.733838,-1.442158,0.214165,2.664204
704,1.763817,0.847150,0.382868,3.443534,0.638073,0.511712,-1.679717,0.209078,-0.128844,2.881764
705,0.513712,1.258599,0.249280,0.397468,1.020120,0.375445,0.116244,0.238479,-0.126165,0.086303
706,1.426753,1.500132,0.346608,0.825280,1.679788,0.205879,0.601473,-0.179655,0.140728,0.413851
707,1.224806,1.231782,0.102645,1.291061,1.073764,0.147015,-0.066255,0.158018,-0.044370,0.031328
708,1.327465,0.517776,0.311767,0.966758,0.419407,0.325074,0.360707,0.098369,-0.013307,0.139963
709,0.912111,1.966219,0.106857,1.735089,3.980634,-0.775314,-0.822978,-2.014415,0.882172,5.513386
710,1.719736,1.511049,0.422467,1.739457,1.263167,0.506450,-0.019721,0.247883,-0.083983,0.068888
711,1.864660,0.660525,0.138526,1.231032,0.688282,0.096981,0.633628,-0.027758,0.041544,0.403981
712,0.723346,0.787898,0.310582,0.520342,0.779228,0.360257,0.203004,0.008670,-0.049675,0.043753
713,1.722822,0.900987,0.258759,1.055404,0.802818,0.188561,0.667417,0.098169,0.070197,0.460010
714,1.059577,1.109041,0.326001,1.292605,1.072481,0.376774,-0.233028,0.036560,-0.050773,0.058217
715,1.985350,0.838786,0.373617,2.716647,0.808800,0.392004,-0.731297,0.029986,-0.018387,0.536033
716,1.771801,1.480604,0.443288,1.017859,1.361971,0.379919,0.753941,0.118633,0.063369,0.586517
717,1.639379,0.640251,0.251706,0.000000,nan,nan,1.639379,nan,nan,nan
718,1.329052,0.584172,0.103780,1.935077,0.437863,0.133672,-0.606025,0.146310,-0.029892,0.389566
719,0.757075,1.249788,0.273564,1.172046,1.182799,0.391918,-0.414970,0.066989,-0.118354,0.190696
720,1.676564,1.348785,0.443184,1.512992,1.452238,0.371182,0.163573,-0.103453,0.072003,0.042643
721,0.643043,1.292239,0.117021,2.272204,3.039672,-0.026971,-1.629161,-1.747433,0.143992,5.728423
722,0.817126,1.802175,0.455022,1.747915,3.951424,-0.177868,-0.930790,-2.149249,0.632890,5.886189
723,1.213250,0.569843,0.129739,3.135213,0.700821,0.131791,-1.921963,-0.130979,-0.002052,3.711100
724,1.888377,1.848967,0.325404,1.459021,1.505958,0.519963,0.429356,0.343009,-0.194559,0.339855
725,0.549353,1.893150,0.225794,0.397395,2.132133,0.270368,0.151958,-0.238983,-0.044574,0.082191
726,1.942204,1.380554,0.400902,2.799755,2.466914,0.321329,-0.857551,-1.086360,0.079573,1.921904
727,1.569067,1.097444,0.130775,1.117115,1.240959,0.068993,0.451952,-0.143515,0.061782,0.228674
728,0.743675,0.860708,0.433860,0.558179,0.726407,0.532077,0.185497,0.134301,-0.098217,0.062092
729,1.083735,1.844789,0.232692,0.927452,1.494734,0.459865,0.156283,0.350055,-0.227173,0.198570
730,1.633414,0.709926,0.495391,2.895995,0.758711,0.485442,-1.262582,-0.048785,0.009949,1.596591
731,1.586245,1.251189,0.489729,1.958587,1.121842,0.457592,-0.372342,0.129348,0.032137,0.156402
732,0.580545,1.155632,0.435470,0.394929,1.026680,0.622725,0.185616,0.128953,-0.187255,0.086147
733,1.010889,1.653508,0.481943,1.233625,1.781112,0.581478,-0.222736,-0.127603,-0.099534,0.075801
734,1.095055,1.660332,0.111850,1.192684,1.842252,0.114461,-0.097629,-0.181920,-0.002611,0.042633
735,0.909991,1.988879,0.296241,0.679987,2.038706,-0.000497,0.230003,-0.049827,0.296738,0.143438
736,1.033717,1.911714,0.272739,0.873419,1.587204,0.217594,0.160298,0.324510,0.055145,0.134043
737,1.519542,1.491008,0.134278,1.736681,1.265186,0.296620,-0.217139,0.225822,-0.162342,0.124500
738,1.427924,1.697083,0.385243,2.176969,3.172648,-0.075348,-0.749045,-1.475565,0.460591,2.950505
739,0.623057,0.731331,0.384671,0.000000,nan,nan,0.623057,nan,nan,nan
740,1.450851,1.609483,0.226671,2.269318,3.043537,-0.018615,-0.818467,-1.434055,0.245286,2.786566
741,0.659826,0.507793,0.223307,0.743965,0.545005,0.219121,-0.084139,-0.037212,0.004186,0.008482
742,1.039876,0.904650,0.153003,-1.102542,0.768495,0.234062,2.142418,0.136155,-0.081059,4.615065
743,0.781088,1.173266,0.321896,1.103984,1.255719,0.282571,-0.322897,-0.082454,0.039325,0.112607
744,1.112066,0.539393,0.241566,0.719486,0.563548,0.259819,0.392580,-0.024156,-0.018253,0.155036
745,0.639596,1.397066,0.229772,1.308698,1.678940,0.329554,-0.669101,-0.281874,-0.099782,0.537106
746,1.077857,0.937771,0.255120,0.906458,0.934735,0.307949,0.171399,0.003036,-0.052829,0.032178
747,0.627049,1.851704,0.462083,-0.246517,1.644775,0.771088,0.873566,0.206929,-0.309005,0.901421
748,1.967260,1.357941,0.167833,2.776418,2.487650,0.130456,-0.809158,-1.129709,0.037377,1.932377
749,1.071098,0.708260,0.220453,0.000000,nan,nan,1.071098,nan,nan,nan
750,1.239686,0.594901,0.273871,-1.338819,0.632870,0.218500,2.578504,-0.037969,0.055370,6.653193
751,1.131654,1.226347,0.130769,2.215840,3.116992,-0.173704,-1.084186,-1.890645,0.304473,4.842702
752,0.877550,0.869885,0.350013,0.800994,1.057808,0.243039,0.076556,-0.187923,0.106974,0.052619
753,1.390710,0.793322,0.142789,1.227147,0.690462,0.173501,0.163563,0.102861,-0.030712,0.038276
754,0.956987,1.923235,0.232887,0.728597,1.902689,0.092294,0.228390,0.020546,0.140593,0.072350
755,1.430288,1.706115,0.231817,1.419632,1.547742,0.192467,0.010656,0.158373,0.039350,0.026744
756,1.002104,1.723213,0.443803,0.722017,1.920031,0.296788,0.280088,-0.196818,0.147016,0.138800
757,1.961338,0.704187,0.228266,1.285733,0.659000,0.256139,0.675605,0.045187,-0.027873,0.459261
758,1.920918,0.801277,0.225673,2.482922,0.884935,0.236705,-0.562003,-0.083658,-0.011032,0.322968
759,1.946862,1.953088,0.216579,1.210115,1.815715,-0.021884,0.736747,0.137373,0.238463,0.618532
760,1.542437,1.236511,0.330352,2.917219,2.367582,0.336599,-1.374783,-1.131071,-0.006248,3.169387
761,0.863636,1.064083,0.426598,0.951575,0.890416,0.473705,-0.087939,0.173667,-0.047107,0.040113
762,1.089403,0.670832,0.325540,0.000000,nan,nan,1.089403,nan,nan,nan
763,1.388341,1.318444,0.372685,1.099798,1.260499,0.304742,0.288543,0.057944,0.067943,0.091231
764,1.325149,1.929507,0.284649,2.175827,3.174313,0.299722,-0.850678,-1.244806,-0.015073,2.273422
765,1.562551,1.157682,0.216532,1.320855,1.049543,0.231482,0.241696,0.108139,-0.014950,0.070334
766,1.539253,1.728448,0.418263,2.360956,2.925406,0.203252,-0.821703,-1.196958,0.215010,2.154133
767,1.113712,1.248955,0.353334,2.766275,2.496770,0.109491,-1.652563,-1.247816,0.243844,4.347468
768,0.863032,1.487994,0.386095,0.609691,1.389716,0.388790,0.253340,0.098279,-0.002696,0.073847
769,1.683615,0.610948,0.496280,0.831414,0.487681,0.533945,0.852201,0.123266,-0.037665,0.742860
770,1.218852,1.101208,0.302645,2.009596,1.093366,0.280451,-0.790744,0.007841,0.022194,0.625830
771,1.880588,1.537563,0.317458,2.508948,2.752849,0.027214,-0.628360,-1.215286,0.290244,1.955997
772,1.686081,1.039294,0.458201,2.033022,1.080768,0.432907,-0.346941,-0.041473,0.025294,0.122728
773,1.305359,1.457271,0.133993,1.542387,1.424561,0.092217,-0.237028,0.032709,0.041776,0.058997
774,1.653431,1.486402,0.242004,1.502302,1.462572,0.258052,0.151129,0.023830,-0.016049,0.023666
775,1.470500,0.566445,0.493443,1.538375,0.550774,0.478269,-0.067876,0.015671,0.015175,0.005083
776,1.516208,1.099427,0.401073,0.869879,0.974041,0.373591,0.646328,0.125386,0.027482,0.434217
777,1.948575,1.145683,0.104219,1.614845,1.360641,-0.031846,0.333730,-0.214958,0.136065,0.176097
778,0.888108,1.266014,0.307519,0.327963,1.236315,0.368565,0.560145,0.029699,-0.061046,0.318371
779,1.370777,1.362853,0.278311,0.361525,1.121540,0.160602,1.009252,0.241313,0.117710,1.090677
780,1.086701,1.658513,0.335436,1.285832,1.708796,0.464330,-0.199131,-0.050282,-0.128894,0.058795
781,1.250699,1.017451,0.109825,0.793052,1.068402,0.167165,0.457647,-0.050951,-0.057340,0.215325
782,0.656824,1.123963,0.484691,0.642801,1.318134,0.348446,0.014023,-0.194171,0.136245,0.056462
783,0.674104,1.911014,0.156670,0.849461,2.586611,-0.312078,-0.175357,-0.675597,0.468748,0.706906
784,0.967836,1.182999,0.182747,0.723941,1.170396,0.305378,0.243894,0.012603,-0.122631,0.074681
785,1.224389,1.214244,0.275266,1.147439,1.208164,0.154058,0.076950,0.006080,0.121208,0.020650
786,1.545145,0.978364,0.220106,2.256433,0.973760,0.194442,-0.711288,0.004604,0.025664,0.506610
787,1.715279,0.672628,0.439672,2.378329,0.582886,0.454281,-0.663050,0.089742,-0.014609,0.447902
788,1.471955,1.515709,0.165742,1.146023,1.209657,0.285973,0.325932,0.306052,-0.120231,0.214355
789,1.975851,0.865869,0.169781,1.172028,0.722933,0.189816,0.803823,0.142936,-0.020034,0.666963
790,0.740204,1.339773,0.483385,0.964781,1.436900,0.502892,-0.224578,-0.097127,-0.019507,0.060249
791,0.847783,1.107571,0.173781,1.145091,1.210641,0.120176,-0.297308,-0.103070,0.053605,0.101889
792,1.460718,1.148202,0.111677,4.126092,1.673922,0.260206,-2.665373,-0.525720,-0.148529,7.402658
793,1.421160,0.795987,0.336881,1.956186,0.708672,0.350418,-0.535025,0.087315,-0.013536,0.294059
794,1.083254,1.557103,0.182314,0.853744,0.992450,0.362543,0.229510,0.564654,-0.180229,0.403991
795,1.628488,1.713095,0.125026,3.714689,1.859309,0.112900,-2.086201,-0.146214,0.012125,4.373761
796,0.652628,1.807969,0.174784,-0.526828,1.608299,0.205589,1.179457,0.199670,-0.030805,1.431935
797,0.988977,1.186326,0.204941,1.628005,1.349642,0.300591,-0.639028,-0.163317,-0.095650,0.444178
798,1.793955,1.291573,0.355643,1.168427,1.186462,0.196575,0.625527,0.105111,0.159069,0.427636
799,1.395456,1.416963,0.334802,3.480127,1.984627,0.801047,-2.084671,-0.567665,-0.466245,4.885480
800,1.021887,1.768277,0.346945,2.005154,3.444500,0.373776,-0.983267,-1.676224,-0.026831,3.777260
801,1.720607,1.558983,0.218978,2.764535,2.498343,0.124115,-1.043927,-0.939360,0.094863,1.981181
802,1.421727,0.627128,0.153579,2.261108,0.613104,0.172272,-0.839381,0.014024,-0.018692,0.705107
803,0.676792,0.958070,0.173218,0.952120,0.889906,0.143788,-0.275328,0.068164,0.029430,0.081318
804,1.540155,1.266237,0.267296,2.622544,2.633609,0.101812,-1.082389,-1.367372,0.165484,3.068656
805,0.706801,1.075565,0.174301,0.788374,1.074742,0.308204,-0.081573,0.000823,-0.133902,0.024585
806,1.453252,1.540149,0.358104,2.492794,2.770688,0.363863,-1.039542,-1.230538,-0.005758,2.594905
807,1.999849,1.332369,0.295857,1.828920,1.201378,0.318525,0.170929,0.130991,-0.022668,0.046889
808,0.710445,0.971870,0.280400,0.390873,1.037332,0.254686,0.319572,-0.065462,0.025715,0.107073
809,0.580417,1.038559,0.103833,0.000000,nan,nan,0.580417,nan,nan,nan
810,0.704802,1.722824,0.485532,0.000000,nan,nan,0.704802,nan,nan,nan
811,1.258157,1.242455,0.373879,1.787189,1.229430,0.539480,-0.529032,0.013024,-0.165601,0.307468
812,1.123446,1.759838,0.295480,1.831674,3.770733,-0.172134,-0.708229,-2.010895,0.467614,4.763951
813,0.624006,0.546291,0.404423,1.425736,0.594288,0.386068,-0.801730,-0.047997,0.018355,0.645412
814,0.938135,0.912279,0.315043,2.012591,1.091739,0.284755,-1.074456,-0.179460,0.030289,1.187580
815,0.752313,1.185982,0.397007,-0.355468,1.140652,0.309620,1.107781,0.045330,0.087387,1.236871
816,1.648879,1.324589,0.145284,1.474906,1.489738,-0.168397,0.173973,-0.165149,0.313681,0.155937
817,0.671310,1.662670,0.429313,0.603715,1.403473,0.715060,0.067595,0.259196,-0.285747,0.153403
818,1.050293,1.733916,0.116644,0.488397,1.734856,0.256739,0.561896,-0.000939,-0.140095,0.335354
819,1.578470,1.319530,0.495910,2.971324,2.324470,0.343980,-1.392854,-1.004940,0.151930,2.973030
820,0.653625,1.745106,0.400538,0.239452,1.693306,0.197835,0.414173,0.051800,0.202703,0.215311
821,0.946563,1.998969,0.279893,1.420841,1.546426,0.515278,-0.474277,0.452543,-0.235385,0.485141
822,1.022865,1.725093,0.275628,1.101300,1.995119,0.137574,-0.078434,-0.270027,0.138054,0.098125
823,1.990937,1.663447,0.194778,1.495769,1.468960,0.199435,0.495168,0.194487,-0.004656,0.283038
824,1.716054,1.381886,0.240252,1.527952,1.438020,0.213503,0.188102,-0.056134,0.026750,0.039249
825,1.566131,1.449156,0.166393,2.637565,2.618611,0.072875,-1.071434,-1.169455,0.093517,2.524340
826,0.708852,0.809929,0.182777,0.886917,0.955329,0.130813,-0.178065,-0.145399,0.051964,0.055548
827,0.589037,1.026223,0.212434,0.461685,0.878229,0.317250,0.127352,0.147994,-0.104816,0.049107
828,1.308153,0.985480,0.381622,1.363014,1.017080,0.375880,-0.054861,-0.031600,0.005742,0.004041
829,0.934000,0.901015,0.443207,-0.622975,0.650853,0.522903,1.556974,0.250161,-0.079697,2.493102
830,1.978232,1.518949,0.138090,2.919479,2.365749,0.013479,-0.941246,-0.846801,0.124611,1.618543
831,1.944158,1.678537,0.467507,2.462873,2.804348,0.467331,-0.518715,-1.125812,0.000176,1.536518
832,1.988729,1.800571,0.150755,1.551951,1.415782,0.069983,0.436778,0.384789,0.080773,0.345362
833,1.799118,0.874516,0.384558,2.535323,0.866645,0.459899,-0.736205,0.007871,-0.075341,0.547736
834,1.742723,1.642210,0.370494,3.104667,2.224636,0.533257,-1.361944,-0.582426,-0.162764,2.220604
835,1.234188,1.366138,0.207487,1.335459,1.645296,-0.170845,-0.101270,-0.279158,0.378332,0.231320
836,1.121338,1.177988,0.353451,1.564979,0.885823,0.452255,-0.443641,0.292165,-0.098803,0.291940
837,1.820188,0.639642,0.306245,2.999005,0.732651,0.291596,-1.178818,-0.093009,0.014649,1.398476
838,0.917339,1.904504,0.247628,2.715554,2.543406,0.590880,-1.798215,-0.638901,-0.343251,3.759595
839,1.925381,0.990934,0.100989,1.513588,0.915899,0.079641,0.411793,0.075035,0.021348,0.175659
840,1.661203,1.599086,0.392373,2.836426,2.435020,0.425647,-1.175223,-0.835934,-0.033274,2.081043
841,1.187674,1.496216,0.243289,0.689347,1.229131,0.311596,0.498327,0.267085,-0.068307,0.324330
842,0.594996,1.301637,0.187132,0.579482,1.462165,0.109211,0.015514,-0.160529,0.077921,0.032082
843,1.144465,0.817777,0.207415,1.286848,0.658429,0.247702,-0.142384,0.159349,-0.040288,0.047288
844,1.742515,1.006633,0.331173,1.734537,1.266750,0.207131,0.007979,-0.260117,0.124042,0.083111
845,1.349213,1.228007,0.237496,3.316313,2.082661,0.167900,-1.967100,-0.854654,0.069596,4.604759
846,1.523828,0.572614,0.139830,0.751321,0.539669,0.137356,0.772506,0.032945,0.002474,0.597858
847,1.675835,1.189373,0.149695,1.590597,0.871556,0.220396,0.085237,0.317817,-0.070701,0.113272
848,1.786477,1.161929,0.100270,1.295629,1.069978,0.124852,0.490848,0.091951,-0.024582,0.249991
849,1.937048,0.803477,0.375437,2.492861,0.881407,0.392420,-0.555813,-0.077930,-0.016983,0.315290
850,0.697870,1.474996,0.163591,0.844074,1.642385,0.287582,-0.146204,-0.167389,-0.123991,0.064769
851,1.899088,0.911029,0.361835,0.912204,0.928847,0.348646,0.986885,-0.017818,0.013189,0.974433
852,0.875584,1.057766,0.461520,1.305140,1.062181,0.488005,-0.429556,-0.004415,-0.026485,0.185239
853,0.748288,1.094512,0.222204,1.049957,0.806983,0.374753,-0.301669,0.287529,-0.152549,0.196949
854,1.549162,0.851216,0.362194,2.371831,0.926383,0.370462,-0.822669,-0.075167,-0.008267,0.682503
855,1.555547,0.501629,0.290723,1.522730,0.556433,0.283963,0.032817,-0.054804,0.006760,0.004126
856,0.699050,0.839286,0.371993,1.108518,0.764352,0.430956,-0.409468,0.074934,-0.058963,0.176756
857,0.513930,1.543396,0.426844,1.029008,2.135285,0.286722,-0.515077,-0.591889,0.140122,0.635271
858,1.982232,1.133471,0.152870,3.954789,1.746428,0.222935,-1.972557,-0.612957,-0.070065,4.271606
859,0.606242,1.074605,0.392305,0.456103,0.888977,0.517228,0.150140,0.185628,-0.124922,0.072605
860,0.653641,0.970027,0.452396,0.837655,1.011511,0.422014,-0.184015,-0.041484,0.030381,0.036505
861,0.705694,1.660191,0.401263,0.738555,1.877037,0.297906,-0.032861,-0.216846,0.103357,0.058785
862,0.699719,1.989410,0.157141,0.954614,2.301689,0.402712,-0.254895,-0.312279,-0.245571,0.222795
863,1.295762,0.512712,0.360008,2.200726,0.385008,0.382604,-0.904963,0.127704,-0.022596,0.835778
864,1.160149,1.583648,0.351232,1.359185,1.616575,0.530295,-0.199036,-0.032927,-0.179063,0.072763
865,0.727061,1.117565,0.374626,0.766936,1.104782,0.379804,-0.039875,0.012782,-0.005178,0.001780
866,1.789944,0.630032,0.140186,1.329457,0.637326,0.144284,0.460487,-0.007294,-0.004098,0.212118
867,1.628668,1.384361,0.253613,1.651758,1.330234,0.253744,-0.023090,0.054127,-0.000132,0.003463
868,1.944873,0.971756,0.155932,1.700348,0.815300,0.169208,0.244525,0.156455,-0.013276,0.084447
869,0.915451,0.626373,0.321359,-0.674369,0.601251,0.310222,1.589820,0.025122,0.011136,2.528284
870,1.400012,1.411390,0.411588,1.751223,0.791615,0.574209,-0.351211,0.619775,-0.162621,0.533916
871,1.535714,1.771838,0.363362,2.693458,2.564270,0.350020,-1.157744,-0.792432,0.013342,1.968498
872,0.952474,1.276624,0.303809,0.757063,1.119191,0.381870,0.195411,0.157432,-0.078061,0.069064
873,1.621765,0.943313,0.121828,2.536384,0.866282,0.193732,-0.914619,0.077031,-0.071904,0.847632
874,1.846869,1.932007,0.297955,2.401613,2.875881,0.006303,-0.554744,-0.943874,0.291652,1.283701
875,0.669115,1.249374,0.337572,1.285306,1.078571,0.415638,-0.616190,0.170802,-0.078067,0.414959
876,1.292430,1.966545,0.494753,0.963396,1.438966,0.814674,0.329033,0.527580,-0.319921,0.488953
877,1.900887,0.697974,0.444326,2.561393,0.857824,0.396830,-0.660507,-0.159850,0.047496,0.464077
878,1.352571,1.048119,0.373177,1.012296,0.837006,0.474597,0.340274,0.211113,-0.101421,0.170641
879,1.644089,1.931679,0.408147,2.632324,2.623824,0.411046,-0.988235,-0.692144,-0.002899,1.455681
880,0.525034,0.601299,0.204874,-1.953846,0.709521,0.206231,2.478880,-0.108222,-0.001356,6.156560
881,0.559740,0.590703,0.415716,1.119930,0.756563,0.407817,-0.560190,-0.165860,0.007899,0.341384
882,1.259916,1.442856,0.300420,1.354977,1.621596,0.171860,-0.095061,-0.178740,0.128560,0.057512
883,1.123148,1.552716,0.132971,1.324112,1.659394,-0.107831,-0.200964,-0.106678,0.240802,0.109753
884,1.304847,1.424071,0.210987,1.701834,1.291093,0.347440,-0.396986,0.132978,-0.136453,0.193901
885,0.964860,1.266957,0.181279,1.406274,1.562444,0.033619,-0.441414,-0.295487,0.147660,0.303962
886,1.712090,1.304585,0.256293,1.440900,1.524897,0.173403,0.271190,-0.220312,0.082889,0.128952
887,1.451441,1.751790,0.372422,1.705322,1.288451,0.769831,-0.253881,0.463339,-0.397409,0.437072
888,0.599173,1.548014,0.391983,1.003597,1.381325,0.463901,-0.404425,0.166688,-0.071917,0.196516
889,1.769702,0.586859,0.134485,1.446338,0.585823,0.147795,0.323364,0.001036,-0.013310,0.104742
890,1.151725,1.180058,0.343533,3.158700,2.186581,0.225998,-2.006975,-1.006524,0.117535,5.054852
891,0.963935,1.612540,0.396263,0.298597,1.357901,0.655178,0.665338,0.254639,-0.258914,0.574553
892,0.679165,1.561851,0.380600,1.436900,1.529142,0.226577,-0.757736,0.032709,0.154023,0.598957
893,0.745749,1.929524,0.309202,0.935430,2.348893,0.483260,-0.189681,-0.419369,-0.174058,0.242145
894,1.674481,1.581148,0.166785,2.464324,2.802697,-0.110791,-0.789844,-1.221549,0.277576,2.193083
895,0.690396,1.671686,0.207506,1.046448,1.324761,0.607249,-0.356052,0.346924,-0.399743,0.406924
896,1.829622,1.657145,0.111743,2.420187,2.853811,0.033194,-0.590565,-1.196665,0.078549,1.786944
897,1.710662,0.907971,0.125549,1.479893,0.936753,0.076895,0.230769,-0.028782,0.048653,0.056450
898,1.568485,1.364978,0.130828,1.557999,1.410286,0.137001,0.010485,-0.045308,-0.006173,0.002201
899,1.182797,1.040186,0.299844,3.550228,1.945440,0.276245,-2.367431,-0.905254,0.023599,6.424773
900,1.350329,1.051532,0.202046,1.389975,0.997352,0.182219,-0.039646,0.054180,0.019827,0.004900
901,0.654357,1.360868,0.389111,0.914738,1.515510,0.331818,-0.260381,-0.154641,0.057294,0.094995
902,0.842607,1.263237,0.117615,1.496376,1.468364,0.269854,-0.653769,-0.205127,-0.152239,0.492668
903,1.794393,0.866827,0.288706,2.140304,1.026595,0.279452,-0.345911,-0.159767,0.009254,0.145266
904,1.074469,0.725127,0.472464,4.913635,1.405630,0.477976,-3.839166,-0.680503,-0.005512,15.202308
905,1.786228,1.329297,0.465579,2.522841,2.737689,0.332073,-0.736614,-1.408392,0.133506,2.543990
906,1.610999,1.129054,0.228721,2.107455,1.042596,0.291757,-0.496456,0.086458,-0.063037,0.257917
907,1.124385,1.580432,0.208503,1.666226,1.318683,0.395068,-0.541841,0.261749,-0.186565,0.396911
908,0.616831,1.059212,0.300816,1.353564,1.024181,0.449157,-0.736734,0.035032,-0.148341,0.566009
909,1.852912,0.769017,0.421735,0.000000,nan,nan,1.852912,nan,nan,nan
910,1.972121,1.931119,0.127571,0.902296,1.536408,-0.163770,1.069825,0.394711,0.291340,1.385202
911,1.197641,0.923460,0.437939,1.238617,1.119227,0.377268,-0.040976,-0.195767,0.060671,0.043685
912,0.990951,1.329637,0.103188,1.441278,1.524497,-0.024408,-0.450327,-0.194860,0.127596,0.257045
913,0.801007,1.345710,0.221564,0.578602,1.464389,0.030589,0.222405,-0.118679,0.190975,0.100020
914,1.434076,1.195890,0.336676,0.656212,1.291196,0.308723,0.777865,-0.095306,0.027953,0.614938
915,1.240041,1.658920,0.178169,1.766185,3.910550,-0.409438,-0.526144,-2.251630,0.587607,5.691946
916,1.850665,1.640723,0.198051,2.594287,2.662294,-0.003930,-0.743622,-1.021570,0.201980,1.637376
917,0.509567,1.115054,0.193199,0.364839,1.111355,0.114946,0.144728,0.003699,0.078253,0.027084
918,1.019636,1.759361,0.450879,1.062367,2.068235,0.151989,-0.042732,-0.308874,0.298891,0.186565
919,1.926485,0.502193,0.362922,2.013109,0.420890,0.386733,-0.086624,0.081303,-0.023812,0.014681
920,1.773509,1.590823,0.141580,1.300680,1.689289,0.096634,0.472829,-0.098467,0.044946,0.235283
921,1.294722,0.857251,0.296812,1.246294,0.679854,0.378888,0.048428,0.177398,-0.082077,0.040552
922,0.589843,1.995439,0.384661,0.637804,2.173543,0.223154,-0.047961,-0.178104,0.161507,0.060106
923,0.639540,1.881912,0.458915,0.844541,1.641477,0.619372,-0.205001,0.240435,-0.160457,0.125580
924,1.279639,1.551270,0.248997,1.451542,1.513718,0.428927,-0.171903,0.037553,-0.179931,0.063336
925,1.961832,0.627354,0.138231,0.749333,0.541102,0.188730,1.212500,0.086252,-0.050499,1.480145
926,0.700271,1.729944,0.129932,0.000000,nan,nan,0.700271,nan,nan,nan
927,1.351731,1.152474,0.485687,1.185826,1.169054,0.456474,0.165905,-0.016580,0.029213,0.028653
928,0.855158,0.891486,0.226004,1.125809,0.752613,0.234392,-0.270651,0.138874,-0.008388,0.092608
929,1.701225,1.551088,0.394141,1.405922,0.986039,0.423457,0.295303,0.565049,-0.029316,0.407344
930,0.977087,0.907934,0.129875,1.020882,0.829967,0.093963,-0.043795,0.077967,0.035912,0.009287
931,0.804069,1.669905,0.333883,0.254289,1.594505,0.342338,0.549780,0.075401,-0.008454,0.308015
932,0.733116,0.746562,0.286422,0.475170,0.853305,0.247383,0.257946,-0.106743,0.039039,0.079454
933,1.109769,1.303887,0.485854,1.608718,1.365824,0.674030,-0.498949,-0.061937,-0.188176,0.288196
934,0.811454,0.962462,0.206003,0.349641,1.159660,0.040458,0.461813,-0.197198,0.165545,0.279564
935,0.679870,0.736423,0.374422,0.497669,0.814728,0.384188,0.182201,-0.078305,-0.009766,0.039424
936,1.739580,1.545317,0.116132,2.350370,2.938582,-0.170915,-0.610790,-1.393265,0.287047,2.396648
937,1.753887,0.991690,0.136485,2.138148,1.027630,0.149262,-0.384260,-0.035940,-0.012777,0.149111
938,0.872328,1.033614,0.305384,0.790872,1.071346,0.279984,0.081456,-0.037732,0.025400,0.008704
939,1.515775,0.890250,0.496271,2.952444,2.339335,0.338066,-1.436668,-1.449085,0.158204,4.188892
940,0.546623,1.106588,0.280880,0.000000,nan,nan,0.546623,nan,nan,nan
941,1.622118,0.874779,0.284817,0.992559,0.853650,0.273319,0.629559,0.021129,0.011498,0.396923
942,1.705845,0.709690,0.104783,0.635885,0.637639,0.045179,1.069960,0.072051,0.059604,1.153558
943,1.745558,1.973851,0.152286,1.496624,1.468120,0.528873,0.248934,0.505730,-0.376587,0.459549
944,1.735510,1.058360,0.352119,1.516943,0.913874,0.370663,0.218567,0.144486,-0.018544,0.068992
945,1.467028,1.373486,0.203528,0.859540,0.985757,0.319375,0.607487,0.387729,-0.115846,0.532795
946,1.719121,0.532700,0.125789,3.423187,0.641865,0.108160,-1.704067,-0.109165,0.017629,2.916071
947,1.853744,1.165147,0.151517,1.854930,1.184532,0.170414,-0.001186,-0.019385,-0.018897,0.000734
948,1.857617,1.744034,0.232620,2.367095,2.917819,0.185655,-0.509478,-1.173785,0.046965,1.639544
949,0.564044,1.191492,0.167196,-0.277629,1.460458,0.101320,0.841673,-0.268965,0.065876,0.785096
950,1.360826,1.732528,0.257999,1.580347,1.390343,0.543732,-0.219521,0.342185,-0.285733,0.246924
951,0.544223,1.524819,0.169123,0.556118,1.523592,0.212348,-0.011895,0.001227,-0.043225,0.002011
952,0.822074,0.780727,0.211942,0.543270,0.746342,0.281955,0.278804,0.034385,-0.070014,0.083816
953,1.825136,0.551974,0.347671,3.722509,0.590254,0.340190,-1.897373,-0.038280,0.007480,3.601546
954,0.868677,0.942658,0.264797,1.489570,0.568821,0.331466,-0.620893,0.373837,-0.066669,0.529707
955,1.326033,0.591469,0.211910,0.000000,nan,nan,1.326033,nan,nan,nan
956,0.705854,0.799187,0.453861,1.949303,1.127185,0.331316,-1.243449,-0.327998,0.122545,1.668765
957,1.288721,1.446132,0.420867,1.446496,1.518998,0.601630,-0.157775,-0.072866,-0.180763,0.062878
958,1.692269,1.984105,0.412766,2.371632,2.912237,0.185153,-0.679363,-0.928131,0.227614,1.374770
959,1.038668,1.316777,0.293872,1.514215,1.451065,0.266459,-0.475546,-0.134289,0.027413,0.244929
960,1.869016,1.253590,0.255353,2.716636,2.542392,-0.004774,-0.847621,-1.288802,0.260126,2.447138
961,0.769724,0.978316,0.187608,2.828198,2.442104,-0.137810,-2.058474,-1.463788,0.325418,6.485888
962,1.843647,1.667807,0.123436,2.669271,2.587506,0.181234,-0.825623,-0.919699,-0.057798,1.530841
963,1.987297,1.294148,0.406737,2.574677,2.682571,0.162015,-0.587380,-1.388423,0.244721,2.332621
964,1.999409,1.960970,0.140054,2.567665,2.689897,0.154968,-0.568257,-0.728927,-0.014914,0.854473
965,1.485297,0.899791,0.426514,0.947680,0.894076,0.405193,0.537617,0.005714,0.021321,0.289519
966,1.875889,0.583863,0.498557,0.000000,nan,nan,1.875889,nan,nan,nan
967,0.829117,1.769758,0.418956,0.516696,1.639838,0.392199,0.312421,0.129919,0.026758,0.115202
968,1.032207,1.758833,0.438088,1.161205,1.892194,0.407448,-0.128998,-0.133360,0.030640,0.035364
969,0.764151,1.388779,0.422484,0.271677,1.492452,0.307808,0.492473,-0.103673,0.114676,0.266429
970,1.546440,1.870970,0.111283,2.100111,3.288757,-0.237383,-0.553671,-1.417787,0.348666,2.438240
971,1.550841,1.921338,0.325443,2.421706,2.852020,0.357839,-0.870865,-0.930682,-0.032397,1.625624
972,1.344663,0.782350,0.495202,1.059262,0.799894,0.499584,0.285401,-0.017544,-0.004382,0.081781
973,1.822440,1.238340,0.223621,3.451170,2.001279,0.045554,-1.628731,-0.762939,0.178068,3.266548
974,1.235655,0.635386,0.193049,2.262647,0.612687,0.247853,-1.026992,0.022699,-0.054803,1.058232
975,0.828213,1.289673,0.100273,1.383128,1.002289,0.150053,-0.554915,0.287383,-0.049779,0.392997
976,1.876844,0.802197,0.152196,1.809795,0.765995,0.125686,0.067049,0.036201,0.026510,0.006509
977,1.575406,1.878171,0.437714,2.056027,3.359272,0.008035,-0.480621,-1.481101,0.429678,2.609279
978,0.985383,0.532869,0.334644,1.525805,0.555312,0.316763,-0.540422,-0.022443,0.017880,0.292879
979,1.875836,1.661550,0.438592,1.330674,1.651211,0.479991,0.545162,0.010338,-0.041399,0.299022
980,1.791004,1.940838,0.249436,2.707368,2.551096,0.323511,-0.916364,-0.610258,-0.074075,1.217624
981,1.912885,1.093393,0.140413,1.935878,1.135002,0.126931,-0.022993,-0.041608,0.013481,0.002442
982,0.952648,0.704678,0.163002,5.810532,1.188661,0.257638,-4.857884,-0.483984,-0.094636,23.842238
983,1.923040,1.687764,0.484265,2.400830,2.876819,0.289339,-0.477790,-1.189056,0.194926,1.680132
984,1.473770,0.761304,0.487497,1.754467,0.790151,0.487871,-0.280697,-0.028847,-0.000374,0.079623
985,1.540341,1.893268,0.414797,1.966093,3.512934,-0.020725,-0.425753,-1.619666,0.435521,2.994261
986,0.834856,1.383425,0.170141,2.293247,3.011780,-0.048046,-1.458391,-1.628354,0.218186,4.826048
987,0.960235,1.532748,0.150939,0.966799,1.433901,0.340147,-0.006564,0.098846,-0.189208,0.045613
988,1.593246,1.923182,0.479479,1.580567,1.390149,0.840408,0.012679,0.533033,-0.360928,0.414554
989,1.087402,1.991425,0.486074,2.072500,3.332571,0.461080,-0.985098,-1.341146,0.024993,2.769717
990,0.548574,1.403583,0.468415,0.498615,1.699304,0.128338,0.049959,-0.295721,0.340078,0.205599
991,1.951298,0.831343,0.326220,4.103912,1.682969,0.221118,-2.152614,-0.851626,0.105102,5.370060
992,1.905032,0.710965,0.398137,2.454245,0.895275,0.326581,-0.549213,-0.184310,0.071557,0.340726
993,0.856994,1.973569,0.167155,0.659028,2.103544,-0.074847,0.197966,-0.129974,0.242002,0.114649
994,1.827980,0.633089,0.383586,4.055074,1.703238,0.278117,-2.227094,-1.070149,0.105469,6.116289
995,1.458654,1.829980,0.278652,1.495653,1.469074,0.243893,-0.036999,0.360907,0.034759,0.132831
996,0.897819,0.874311,0.127118,2.085679,1.053482,0.153752,-1.187860,-0.179171,-0.026634,1.443823
997,0.884987,0.662052,0.100512,1.601590,0.865574,0.038704,-0.716604,-0.203522,0.061809,0.558762
998,1.078906,1.598877,0.487641,1.020957,1.357838,0.605605,0.057949,0.241038,-0.117964,0.075373
999,1.826828,1.239623,0.251485,3.022119,2.285401,0.220740,-1.195291,-1.045778,0.030745,2.523318
1000,1.319036,0.652143,0.291796,1.898408,0.730241,0.279463,-0.579372,-0.078098,0.012333,0.341923
