Results for N = 4000
Iteration,v_true,alpha_true,tau_true,v_est,alpha_est,tau_est,bias_v,bias_alpha,bias_tau,squared_error
1,1.129271,1.868157,0.242394,1.112818,1.856058,0.243858,0.016453,0.012099,-0.001464,0.000419
2,0.934784,1.294418,0.474527,0.945782,1.292562,0.472715,-0.010998,0.001857,0.001812,0.000128
3,1.270800,1.649664,0.173299,1.277365,1.644790,0.175309,-0.006565,0.004874,-0.002010,0.000071
4,0.641763,1.628943,0.317485,0.645292,1.633027,0.323415,-0.003529,-0.004084,-0.005930,0.000064
5,1.808665,1.740233,0.373987,1.815385,1.709061,0.383423,-0.006721,0.031172,-0.009436,0.001106
6,0.951608,1.528166,0.375339,0.958631,1.529616,0.372805,-0.007022,-0.001450,0.002534,0.000058
7,0.643750,1.370070,0.429326,0.618870,1.365260,0.435836,0.024881,0.004810,-0.006510,0.000685
8,0.519346,1.277256,0.249206,0.516154,1.282912,0.248159,0.003192,-0.005656,0.001047,0.000043
9,1.227349,1.010470,0.464315,1.241660,1.025213,0.456581,-0.014311,-0.014743,0.007735,0.000482
10,0.653627,0.731832,0.188445,0.656378,0.726462,0.191437,-0.002752,0.005370,-0.002992,0.000045
11,0.782625,1.845585,0.345371,0.791566,1.827724,0.356035,-0.008941,0.017861,-0.010664,0.000513
12,1.747124,1.288479,0.312838,1.746190,1.285865,0.309773,0.000934,0.002614,0.003065,0.000017
13,1.326669,1.634460,0.145587,1.291805,1.636418,0.156600,0.034864,-0.001958,-0.011013,0.001341
14,1.190737,0.614600,0.427538,1.306280,0.616996,0.428886,-0.115543,-0.002396,-0.001348,0.013358
15,1.885115,1.219277,0.224629,1.879022,1.215252,0.226331,0.006092,0.004026,-0.001702,0.000056
16,1.043853,1.725558,0.455891,1.064424,1.735015,0.452705,-0.020571,-0.009457,0.003186,0.000523
17,1.396473,1.645384,0.236818,1.367362,1.644228,0.232036,0.029111,0.001156,0.004782,0.000872
18,1.564842,0.543139,0.425830,1.436601,0.542367,0.426328,0.128242,0.000773,-0.000498,0.016447
19,0.833537,1.785223,0.156944,0.829204,1.792263,0.166682,0.004333,-0.007040,-0.009738,0.000163
20,0.839862,0.688016,0.152087,0.837660,0.689462,0.151538,0.002202,-0.001446,0.000549,0.000007
21,0.617907,1.536227,0.413612,0.578510,1.524720,0.426237,0.039398,0.011507,-0.012626,0.001844
22,0.616603,1.662038,0.402934,0.623260,1.665737,0.400866,-0.006657,-0.003698,0.002067,0.000062
23,0.563775,0.661726,0.417222,0.618750,0.662034,0.416212,-0.054975,-0.000308,0.001010,0.003023
24,1.270219,0.588898,0.147569,1.301962,0.586022,0.149271,-0.031744,0.002876,-0.001702,0.001019
25,0.879519,0.599371,0.367035,0.891649,0.599297,0.367035,-0.012130,0.000074,0.000000,0.000147
26,1.631825,1.673556,0.468039,1.618605,1.683700,0.461838,0.013220,-0.010144,0.006201,0.000316
27,0.808102,1.851762,0.173913,0.790476,1.842588,0.165909,0.017626,0.009174,0.008004,0.000459
28,1.027300,0.636169,0.438345,1.029607,0.636656,0.439296,-0.002307,-0.000487,-0.000951,0.000006
29,1.912767,1.923187,0.239135,1.936484,1.924609,0.241350,-0.023716,-0.001422,-0.002215,0.000569
30,0.740836,1.250952,0.391422,0.770138,1.258736,0.385530,-0.029302,-0.007784,0.005891,0.000954
31,0.862734,1.355353,0.139642,0.859309,1.354199,0.124071,0.003425,0.001154,0.015571,0.000256
32,1.367201,0.520976,0.186799,1.378740,0.521863,0.186552,-0.011540,-0.000887,0.000247,0.000134
33,0.787321,0.922785,0.460664,0.806876,0.917141,0.458383,-0.019555,0.005645,0.002281,0.000419
34,1.305690,1.960370,0.139474,1.302444,1.968510,0.127405,0.003246,-0.008140,0.012069,0.000222
35,0.821023,1.256293,0.383102,0.857119,1.267791,0.379053,-0.036096,-0.011498,0.004049,0.001452
36,1.049695,1.384071,0.275866,1.016825,1.402233,0.270376,0.032869,-0.018162,0.005491,0.001440
37,1.936622,0.771273,0.241929,1.954750,0.771404,0.243378,-0.018128,-0.000131,-0.001449,0.000331
38,1.069423,0.821411,0.191022,1.131227,0.829426,0.188303,-0.061805,-0.008015,0.002719,0.003891
39,0.669268,1.976919,0.149446,0.656812,1.987548,0.127672,0.012456,-0.010629,0.021774,0.000742
40,0.665474,0.703869,0.404909,0.605635,0.700505,0.404188,0.059839,0.003363,0.000721,0.003593
41,1.557096,1.335698,0.116243,1.592935,1.351938,0.118530,-0.035839,-0.016240,-0.002287,0.001553
42,0.992173,0.673584,0.213445,1.065961,0.672862,0.215516,-0.073788,0.000722,-0.002071,0.005449
43,1.400584,0.968010,0.490472,1.417699,0.967971,0.492810,-0.017114,0.000040,-0.002339,0.000298
44,1.165934,1.330874,0.216236,1.148255,1.327962,0.222890,0.017679,0.002912,-0.006655,0.000365
45,1.783049,0.783177,0.127844,1.775421,0.788780,0.126139,0.007627,-0.005602,0.001705,0.000092
46,1.761587,1.213515,0.371652,1.809531,1.234502,0.368795,-0.047944,-0.020986,0.002858,0.002747
47,0.768946,1.998085,0.296659,0.757227,2.002502,0.293715,0.011719,-0.004417,0.002944,0.000166
48,0.657758,1.157088,0.363419,0.699308,1.159230,0.362773,-0.041551,-0.002143,0.000647,0.001731
49,0.627509,0.715051,0.260250,0.589182,0.712971,0.261235,0.038327,0.002080,-0.000985,0.001474
50,1.385836,0.652583,0.470116,1.388282,0.658128,0.470077,-0.002446,-0.005545,0.000039,0.000037
51,1.966780,0.597066,0.490083,1.956545,0.599705,0.489504,0.010235,-0.002640,0.000579,0.000112
52,1.007947,1.392441,0.496265,0.999631,1.372797,0.500050,0.008316,0.019644,-0.003785,0.000469
53,0.684143,1.757164,0.390080,0.685510,1.764705,0.395320,-0.001367,-0.007541,-0.005240,0.000086
54,0.917777,1.570241,0.332767,0.935472,1.576277,0.332593,-0.017695,-0.006037,0.000174,0.000350
55,0.909459,1.684239,0.357532,0.933360,1.700737,0.350723,-0.023901,-0.016498,0.006809,0.000890
56,1.100353,1.213739,0.341266,1.108688,1.216940,0.333248,-0.008335,-0.003201,0.008018,0.000144
57,1.106665,1.226799,0.211556,1.069748,1.228709,0.201528,0.036917,-0.001909,0.010029,0.001467
58,1.651999,0.662055,0.200276,1.609717,0.653827,0.203096,0.042283,0.008228,-0.002821,0.001863
59,1.245911,1.442557,0.153843,1.240108,1.463816,0.146404,0.005803,-0.021259,0.007439,0.000541
60,0.649405,0.579279,0.127291,0.697902,0.583963,0.127509,-0.048497,-0.004684,-0.000218,0.002374
61,1.517161,1.958109,0.253053,1.541315,1.963479,0.255718,-0.024154,-0.005370,-0.002665,0.000619
62,1.518807,0.729105,0.348787,1.617620,0.732228,0.347677,-0.098813,-0.003123,0.001110,0.009775
63,0.644500,0.614776,0.400644,0.748551,0.613033,0.399957,-0.104050,0.001742,0.000686,0.010830
64,1.651358,1.689097,0.180773,1.652267,1.684350,0.188804,-0.000909,0.004747,-0.008032,0.000088
65,1.493140,1.235376,0.204666,1.491468,1.238238,0.202064,0.001672,-0.002862,0.002602,0.000018
66,1.015423,1.789508,0.318648,0.979766,1.768424,0.328712,0.035657,0.021085,-0.010064,0.001817
67,1.928871,0.547398,0.272163,2.057217,0.551689,0.273464,-0.128346,-0.004291,-0.001301,0.016493
68,1.872409,1.075445,0.225824,1.876614,1.074446,0.228740,-0.004205,0.000999,-0.002917,0.000027
69,1.064505,1.189484,0.113144,1.037249,1.190967,0.111818,0.027256,-0.001483,0.001326,0.000747
70,1.335000,1.790541,0.221218,1.344835,1.793648,0.212127,-0.009836,-0.003107,0.009090,0.000189
71,1.559089,1.237219,0.153795,1.571575,1.245494,0.148919,-0.012487,-0.008275,0.004876,0.000248
72,1.573585,1.231182,0.143753,1.543680,1.238635,0.134710,0.029905,-0.007453,0.009043,0.001032
73,1.512537,1.490118,0.374150,1.475034,1.461821,0.381010,0.037503,0.028297,-0.006861,0.002254
74,1.358315,1.213867,0.441741,1.331142,1.222213,0.435886,0.027173,-0.008347,0.005854,0.000842
75,1.260028,1.087077,0.297876,1.240254,1.082927,0.306298,0.019774,0.004150,-0.008421,0.000479
76,1.956306,1.425410,0.241106,1.925350,1.422243,0.233656,0.030957,0.003167,0.007449,0.001024
77,1.966674,0.980724,0.111259,1.894169,0.974988,0.106491,0.072506,0.005736,0.004768,0.005313
78,0.567678,1.755401,0.239551,0.526488,1.754033,0.232237,0.041190,0.001369,0.007314,0.001752
79,1.613086,0.540350,0.456537,1.630064,0.536685,0.457141,-0.016978,0.003664,-0.000604,0.000302
80,1.011885,0.646025,0.238057,1.017142,0.643366,0.239373,-0.005257,0.002660,-0.001315,0.000036
81,1.036049,1.026904,0.364496,1.055795,1.038030,0.359534,-0.019746,-0.011126,0.004962,0.000538
82,0.871421,1.472124,0.337013,0.884407,1.482819,0.340440,-0.012986,-0.010695,-0.003427,0.000295
83,1.865584,0.598250,0.221965,1.956711,0.593302,0.225616,-0.091127,0.004948,-0.003651,0.008342
84,1.006391,0.529568,0.230447,1.005585,0.533530,0.230000,0.000807,-0.003962,0.000446,0.000017
85,1.191364,1.795053,0.327220,1.189921,1.791940,0.328316,0.001443,0.003113,-0.001096,0.000013
86,1.852115,0.899928,0.378383,1.860548,0.903347,0.376532,-0.008434,-0.003419,0.001852,0.000086
87,1.381984,1.978647,0.251095,1.414861,2.003217,0.237810,-0.032877,-0.024570,0.013285,0.001861
88,1.085451,1.358808,0.423331,1.108053,1.354788,0.430050,-0.022602,0.004020,-0.006720,0.000572
89,0.650085,1.512667,0.234387,0.637278,1.509372,0.235239,0.012807,0.003295,-0.000852,0.000176
90,1.254153,1.647356,0.235816,1.248882,1.659876,0.214354,0.005271,-0.012520,0.021462,0.000645
91,1.422242,1.045001,0.274396,1.384199,1.045200,0.274448,0.038043,-0.000199,-0.000052,0.001447
92,1.245428,1.771001,0.414860,1.213206,1.755374,0.422247,0.032221,0.015627,-0.007387,0.001337
93,1.760571,1.303751,0.214942,1.771608,1.305952,0.215819,-0.011037,-0.002201,-0.000877,0.000127
94,0.571297,1.994342,0.260811,0.562013,2.002552,0.243630,0.009284,-0.008210,0.017181,0.000449
95,0.838829,1.614332,0.136783,0.826435,1.603182,0.143388,0.012394,0.011150,-0.006605,0.000322
96,1.766280,0.642100,0.234735,1.750564,0.639829,0.235555,0.015717,0.002272,-0.000820,0.000253
97,0.600905,1.701779,0.290107,0.587714,1.694518,0.292714,0.013191,0.007260,-0.002607,0.000234
98,0.814609,1.693478,0.360615,0.838153,1.687832,0.361409,-0.023544,0.005646,-0.000794,0.000587
99,0.952771,1.706190,0.273164,0.953695,1.707843,0.275321,-0.000925,-0.001653,-0.002157,0.000008
100,1.309921,0.800115,0.260920,1.221504,0.799782,0.256598,0.088417,0.000333,0.004323,0.007836
101,1.437446,1.179843,0.405377,1.425511,1.183013,0.405000,0.011934,-0.003170,0.000377,0.000153
102,0.770901,0.527905,0.381333,0.786569,0.524763,0.381317,-0.015668,0.003142,0.000015,0.000255
103,1.794065,1.365265,0.185181,1.798666,1.367376,0.183582,-0.004602,-0.002111,0.001599,0.000028
104,1.943176,1.613312,0.286918,1.897384,1.595007,0.282702,0.045792,0.018305,0.004216,0.002450
105,1.905744,1.299079,0.345769,1.893866,1.284252,0.347546,0.011879,0.014827,-0.001777,0.000364
106,1.653679,1.150587,0.326447,1.657088,1.164697,0.316930,-0.003410,-0.014110,0.009517,0.000301
107,1.440138,1.283404,0.245710,1.467740,1.286168,0.238638,-0.027602,-0.002764,0.007072,0.000820
108,0.721616,0.725709,0.374123,0.760106,0.729907,0.374829,-0.038490,-0.004198,-0.000706,0.001500
109,0.950414,1.153083,0.227461,0.938700,1.150562,0.220301,0.011714,0.002522,0.007161,0.000195
110,1.745322,0.596641,0.181423,1.739378,0.598362,0.179341,0.005943,-0.001721,0.002082,0.000043
111,1.118658,1.735566,0.358417,1.124589,1.730330,0.356784,-0.005931,0.005236,0.001633,0.000065
112,0.884670,1.401848,0.262346,0.891767,1.401389,0.265661,-0.007097,0.000460,-0.003315,0.000062
113,0.670338,0.787874,0.198235,0.662397,0.782460,0.199805,0.007941,0.005414,-0.001571,0.000095
114,1.740843,1.196240,0.323930,1.759246,1.194260,0.328801,-0.018402,0.001980,-0.004871,0.000366
115,1.154199,1.470383,0.114801,1.183023,1.471227,0.116688,-0.028823,-0.000844,-0.001886,0.000835
116,0.739038,0.704646,0.203359,0.769271,0.704410,0.202393,-0.030233,0.000236,0.000965,0.000915
117,1.705307,1.488006,0.170394,1.740130,1.493146,0.174591,-0.034822,-0.005140,-0.004197,0.001257
118,1.778782,1.945680,0.294337,1.764505,1.932268,0.292606,0.014276,0.013413,0.001730,0.000387
119,0.529863,1.789376,0.133572,0.507667,1.799738,0.121366,0.022196,-0.010362,0.012206,0.000749
120,1.402400,1.800758,0.460230,1.403619,1.795027,0.457413,-0.001220,0.005730,0.002817,0.000042
121,1.110510,1.045151,0.362972,1.065135,1.040213,0.363182,0.045375,0.004938,-0.000209,0.002083
122,0.635459,1.914743,0.389694,0.650114,1.913427,0.376830,-0.014654,0.001317,0.012863,0.000382
123,0.710840,0.667899,0.393792,0.672663,0.669675,0.393852,0.038177,-0.001777,-0.000059,0.001461
124,1.899403,1.282936,0.431593,1.828592,1.265255,0.434077,0.070811,0.017681,-0.002484,0.005333
125,1.924512,1.897333,0.200723,1.892337,1.889238,0.193079,0.032175,0.008096,0.007644,0.001159
126,1.826847,0.857115,0.148911,1.752748,0.857428,0.144186,0.074099,-0.000313,0.004725,0.005513
127,1.710031,0.993929,0.333730,1.721080,0.988710,0.335842,-0.011049,0.005219,-0.002112,0.000154
128,1.084926,1.622561,0.194375,1.120134,1.635520,0.205417,-0.035208,-0.012958,-0.011042,0.001529
129,1.134303,0.716417,0.170062,1.162083,0.714825,0.171569,-0.027780,0.001592,-0.001508,0.000777
130,1.954885,1.159213,0.201722,1.935120,1.154383,0.202937,0.019766,0.004830,-0.001215,0.000415
131,1.384221,1.235538,0.249882,1.282453,1.219938,0.258383,0.101768,0.015600,-0.008501,0.010672
132,1.923066,0.974735,0.269513,1.966783,0.975582,0.271494,-0.043717,-0.000847,-0.001981,0.001916
133,1.524108,1.944973,0.451773,1.523911,1.956746,0.444222,0.000197,-0.011773,0.007552,0.000196
134,1.905458,1.044497,0.386268,1.876388,1.039491,0.388854,0.029070,0.005006,-0.002585,0.000877
135,1.732048,0.531611,0.486722,1.757007,0.536834,0.484088,-0.024959,-0.005223,0.002634,0.000657
136,1.408722,1.762209,0.364889,1.402246,1.766316,0.356593,0.006476,-0.004106,0.008297,0.000128
137,1.911272,1.536024,0.415521,1.892186,1.539648,0.411165,0.019086,-0.003624,0.004356,0.000396
138,0.859514,1.329092,0.223707,0.872457,1.327481,0.220742,-0.012943,0.001611,0.002965,0.000179
139,1.937725,1.044283,0.424900,1.938945,1.036186,0.428140,-0.001219,0.008097,-0.003240,0.000078
140,0.683081,1.800429,0.443059,0.677124,1.805404,0.434800,0.005957,-0.004974,0.008259,0.000128
141,1.082707,1.864684,0.257190,1.077203,1.836518,0.268947,0.005504,0.028166,-0.011756,0.000962
142,1.966989,0.883301,0.136100,1.958995,0.876502,0.136875,0.007995,0.006799,-0.000774,0.000111
143,1.734062,0.853191,0.184155,1.741213,0.853515,0.184373,-0.007151,-0.000325,-0.000219,0.000051
144,1.835370,1.873836,0.352541,1.872908,1.893927,0.348809,-0.037538,-0.020091,0.003732,0.001827
145,1.819201,1.650111,0.262516,1.817589,1.658826,0.255455,0.001612,-0.008714,0.007060,0.000128
146,0.550823,1.799667,0.429279,0.542400,1.791870,0.406615,0.008423,0.007797,0.022664,0.000645
147,1.910743,1.206637,0.265185,1.933431,1.207797,0.263332,-0.022688,-0.001160,0.001853,0.000520
148,1.761745,1.576079,0.450704,1.758423,1.564775,0.466409,0.003323,0.011304,-0.015705,0.000385
149,1.730362,1.736601,0.379393,1.725809,1.730994,0.382152,0.004553,0.005607,-0.002759,0.000060
150,1.259502,1.027785,0.340846,1.268905,1.029971,0.338368,-0.009404,-0.002187,0.002479,0.000099
151,1.720142,1.606678,0.281305,1.710268,1.571048,0.294441,0.009874,0.035631,-0.013137,0.001540
152,0.541026,0.578148,0.356637,0.635375,0.572836,0.359057,-0.094348,0.005312,-0.002420,0.008936
153,1.445235,1.686529,0.154437,1.440584,1.681359,0.152513,0.004650,0.005170,0.001923,0.000052
154,1.100993,1.442444,0.225489,1.090409,1.442831,0.227039,0.010584,-0.000386,-0.001550,0.000115
155,0.623348,0.736734,0.306546,0.599106,0.741372,0.302698,0.024242,-0.004639,0.003848,0.000624
156,1.954497,1.745932,0.405265,1.919360,1.709107,0.413618,0.035136,0.036825,-0.008353,0.002660
157,1.770441,1.528630,0.417057,1.774832,1.525806,0.420976,-0.004392,0.002824,-0.003920,0.000043
158,0.979099,1.217548,0.394069,0.971358,1.210803,0.395843,0.007740,0.006746,-0.001774,0.000109
159,0.891020,1.531200,0.430707,0.848488,1.521068,0.433588,0.042532,0.010132,-0.002881,0.001920
160,1.699293,0.797996,0.265799,1.663381,0.790203,0.268739,0.035912,0.007792,-0.002941,0.001359
161,0.772834,1.814585,0.477903,0.767584,1.830616,0.466938,0.005250,-0.016031,0.010965,0.000405
162,1.826512,0.836731,0.479244,1.801891,0.833112,0.480347,0.024621,0.003619,-0.001103,0.000621
163,1.884669,1.470660,0.350651,1.909206,1.445855,0.366687,-0.024538,0.024805,-0.016036,0.001475
164,1.860267,1.961191,0.179306,1.851438,1.915890,0.184874,0.008829,0.045302,-0.005567,0.002161
165,1.551892,0.753134,0.260414,1.532885,0.751968,0.261183,0.019007,0.001166,-0.000769,0.000363
166,1.143355,0.890237,0.135625,1.101874,0.885473,0.140272,0.041481,0.004764,-0.004648,0.001765
167,1.051880,1.920865,0.146940,1.000529,1.913276,0.124042,0.051352,0.007590,0.022898,0.003219
168,1.577875,1.152738,0.467996,1.618374,1.157040,0.471437,-0.040499,-0.004302,-0.003442,0.001671
169,1.180562,1.510415,0.147405,1.178833,1.505190,0.158858,0.001729,0.005225,-0.011453,0.000161
170,1.570346,0.785816,0.444775,1.568134,0.782302,0.443989,0.002211,0.003514,0.000785,0.000018
171,1.673183,0.931943,0.297667,1.670486,0.939705,0.293864,0.002697,-0.007762,0.003803,0.000082
172,0.695299,1.784507,0.340033,0.704734,1.777412,0.338105,-0.009435,0.007094,0.001928,0.000143
173,1.992811,0.924451,0.370875,2.052171,0.927394,0.371009,-0.059360,-0.002943,-0.000134,0.003532
174,1.127496,1.112786,0.158377,1.156160,1.118846,0.157233,-0.028663,-0.006060,0.001144,0.000860
175,0.935289,0.892699,0.347072,0.978908,0.893681,0.346797,-0.043618,-0.000982,0.000275,0.001904
176,1.860992,1.054457,0.373707,1.855047,1.066443,0.370084,0.005945,-0.011986,0.003623,0.000192
177,1.187246,0.515480,0.153282,1.230997,0.514506,0.154412,-0.043751,0.000974,-0.001130,0.001916
178,0.984869,1.539535,0.374741,0.997394,1.561610,0.364222,-0.012525,-0.022074,0.010519,0.000755
179,1.570004,1.562680,0.394442,1.566502,1.583344,0.396262,0.003502,-0.020664,-0.001820,0.000443
180,0.884338,0.642919,0.123501,0.869921,0.641489,0.122111,0.014417,0.001430,0.001390,0.000212
181,0.999294,0.852262,0.463291,1.066058,0.849032,0.466745,-0.066764,0.003230,-0.003454,0.004480
182,1.995109,1.908983,0.486884,2.019209,1.994791,0.465717,-0.024099,-0.085808,0.021167,0.008392
183,1.397348,1.622363,0.118205,1.414425,1.629292,0.123793,-0.017077,-0.006930,-0.005588,0.000371
184,0.880485,1.429487,0.221003,0.874587,1.417392,0.221400,0.005899,0.012095,-0.000397,0.000181
185,1.092045,1.056352,0.487223,1.071800,1.066532,0.482095,0.020245,-0.010180,0.005129,0.000540
186,1.339341,1.370730,0.204117,1.325897,1.350477,0.206442,0.013444,0.020253,-0.002325,0.000596
187,1.255620,1.895490,0.451159,1.261429,1.899207,0.440570,-0.005809,-0.003717,0.010589,0.000160
188,0.697879,0.975976,0.312170,0.656161,0.978719,0.310140,0.041718,-0.002742,0.002030,0.001752
189,0.712694,0.675263,0.117665,0.734576,0.673664,0.119449,-0.021882,0.001599,-0.001784,0.000485
190,0.691807,1.807519,0.433922,0.693568,1.801860,0.430189,-0.001760,0.005659,0.003732,0.000049
191,1.621735,1.889356,0.213170,1.598572,1.882597,0.213014,0.023163,0.006758,0.000156,0.000582
192,1.815405,1.419397,0.404626,1.793051,1.397127,0.410143,0.022353,0.022270,-0.005517,0.001026
193,0.895637,0.969515,0.457069,0.884895,0.979121,0.452860,0.010742,-0.009605,0.004208,0.000225
194,0.973314,1.991848,0.405470,0.984085,1.968122,0.427014,-0.010770,0.023726,-0.021544,0.001143
195,0.726897,1.779550,0.362968,0.726807,1.796138,0.352783,0.000090,-0.016587,0.010184,0.000379
196,1.697330,0.579833,0.159448,1.717911,0.575286,0.161132,-0.020581,0.004547,-0.001684,0.000447
197,0.844791,0.553793,0.204090,0.822233,0.555536,0.203780,0.022558,-0.001743,0.000310,0.000512
198,1.558944,1.154645,0.498081,1.529551,1.157425,0.494616,0.029394,-0.002780,0.003465,0.000884
199,1.890810,0.561188,0.242608,1.959964,0.557809,0.244897,-0.069154,0.003378,-0.002289,0.004799
200,1.563544,1.227799,0.297195,1.558019,1.225807,0.294412,0.005525,0.001993,0.002783,0.000042
201,1.768758,1.800319,0.149462,1.767804,1.761972,0.166221,0.000953,0.038347,-0.016759,0.001752
202,0.640367,1.802260,0.172262,0.642216,1.792712,0.165953,-0.001850,0.009547,0.006309,0.000134
203,0.752443,1.263107,0.209117,0.770643,1.264428,0.208874,-0.018200,-0.001321,0.000242,0.000333
204,1.836342,1.378516,0.333419,1.798013,1.371717,0.339298,0.038329,0.006799,-0.005879,0.001550
205,1.957441,1.289023,0.328315,1.988288,1.302898,0.323629,-0.030846,-0.013875,0.004686,0.001166
206,1.124628,0.615253,0.407301,1.083900,0.610924,0.408042,0.040729,0.004329,-0.000741,0.001678
207,1.515363,1.831052,0.110385,1.544061,1.848057,0.114119,-0.028698,-0.017005,-0.003734,0.001127
208,1.521969,1.520959,0.257668,1.524108,1.530133,0.247138,-0.002140,-0.009174,0.010530,0.000200
209,1.385508,1.926830,0.434791,1.417128,1.944762,0.447589,-0.031620,-0.017932,-0.012798,0.001485
210,0.730663,0.621595,0.432280,0.772220,0.622967,0.433019,-0.041557,-0.001372,-0.000739,0.001729
211,1.489309,1.181083,0.482081,1.489298,1.176633,0.480226,0.000011,0.004450,0.001855,0.000023
212,1.391306,0.508708,0.487908,1.349390,0.513119,0.484496,0.041916,-0.004411,0.003412,0.001788
213,1.484259,1.926344,0.229966,1.480896,1.907477,0.241437,0.003364,0.018867,-0.011471,0.000499
214,1.597318,1.601479,0.482961,1.619824,1.608848,0.482611,-0.022506,-0.007369,0.000350,0.000561
215,1.353738,0.817050,0.119473,1.315062,0.814262,0.121812,0.038676,0.002788,-0.002339,0.001509
216,1.465466,0.984756,0.122214,1.479007,0.990325,0.123121,-0.013541,-0.005568,-0.000907,0.000215
217,0.606086,1.927850,0.252556,0.582377,1.914014,0.263854,0.023709,0.013837,-0.011297,0.000881
218,1.098288,0.767016,0.486020,1.057174,0.767928,0.484684,0.041114,-0.000912,0.001335,0.001693
219,1.798273,0.633782,0.440938,1.770410,0.627340,0.444736,0.027863,0.006443,-0.003798,0.000832
220,0.744411,1.669239,0.213974,0.741111,1.674606,0.209569,0.003300,-0.005367,0.004405,0.000059
221,1.628838,1.481096,0.148241,1.664120,1.490465,0.142477,-0.035282,-0.009368,0.005764,0.001366
222,1.236268,1.148538,0.422541,1.174647,1.148607,0.421345,0.061621,-0.000069,0.001197,0.003799
223,0.965152,1.527443,0.152515,0.958605,1.536519,0.133796,0.006547,-0.009076,0.018719,0.000476
224,1.498280,1.748079,0.305061,1.518061,1.756292,0.301942,-0.019781,-0.008213,0.003119,0.000468
225,1.234435,1.828120,0.290576,1.246836,1.789338,0.328017,-0.012402,0.038781,-0.037441,0.003060
226,1.344586,1.134606,0.402596,1.325174,1.137889,0.400242,0.019412,-0.003284,0.002354,0.000393
227,1.716492,1.420802,0.273642,1.782475,1.432070,0.273363,-0.065984,-0.011269,0.000279,0.004481
228,1.139026,0.560657,0.236698,1.178136,0.572476,0.233492,-0.039111,-0.011819,0.003206,0.001680
229,1.195287,0.836345,0.374495,1.148746,0.827572,0.378119,0.046541,0.008773,-0.003624,0.002256
230,0.732605,1.242983,0.351824,0.748425,1.253659,0.338303,-0.015820,-0.010676,0.013521,0.000547
231,1.287017,0.936055,0.274942,1.339262,0.930980,0.279036,-0.052245,0.005074,-0.004094,0.002772
232,1.860812,1.216417,0.159443,1.832784,1.215725,0.155825,0.028028,0.000692,0.003618,0.000799
233,0.691685,1.854355,0.436615,0.680462,1.851459,0.425734,0.011222,0.002896,0.010881,0.000253
234,1.284638,0.943222,0.119091,1.265758,0.937980,0.121942,0.018880,0.005242,-0.002851,0.000392
235,0.614799,0.567642,0.143053,0.657731,0.562798,0.144107,-0.042932,0.004844,-0.001054,0.001868
236,1.137370,0.641727,0.364342,1.139361,0.638490,0.366236,-0.001991,0.003237,-0.001894,0.000018
237,1.352717,0.880070,0.201944,1.328939,0.888145,0.200926,0.023778,-0.008074,0.001018,0.000632
238,0.622654,1.255167,0.145574,0.645895,1.253278,0.148523,-0.023241,0.001889,-0.002949,0.000552
239,1.492367,0.769328,0.172883,1.472960,0.776062,0.167203,0.019407,-0.006734,0.005680,0.000454
240,1.089436,0.624936,0.450702,1.086004,0.624133,0.451283,0.003432,0.000802,-0.000581,0.000013
241,0.946471,1.380813,0.281999,0.984916,1.391735,0.285744,-0.038445,-0.010922,-0.003745,0.001611
242,1.505390,1.435716,0.206030,1.493922,1.420260,0.208079,0.011467,0.015456,-0.002049,0.000375
243,1.950079,1.807017,0.174877,1.965430,1.814200,0.188379,-0.015351,-0.007183,-0.013503,0.000470
244,0.777631,1.620544,0.341621,0.762067,1.634220,0.335623,0.015564,-0.013676,0.005998,0.000465
245,1.807424,0.659496,0.313750,1.751788,0.654877,0.316404,0.055636,0.004619,-0.002654,0.003124
246,0.508771,0.675017,0.168694,0.587737,0.675709,0.170005,-0.078966,-0.000691,-0.001311,0.006238
247,1.215680,1.537709,0.447512,1.217891,1.559048,0.436247,-0.002211,-0.021339,0.011265,0.000587
248,1.948706,1.402831,0.294689,1.941846,1.401204,0.298948,0.006860,0.001627,-0.004259,0.000068
249,1.427749,1.960883,0.244292,1.420457,1.943343,0.248388,0.007292,0.017540,-0.004096,0.000378
250,1.510705,1.535440,0.257999,1.534327,1.528063,0.263294,-0.023623,0.007377,-0.005295,0.000640
251,0.953985,0.687634,0.105550,0.918719,0.683388,0.105817,0.035266,0.004246,-0.000266,0.001262
252,0.667869,0.523828,0.488208,0.657086,0.525643,0.487904,0.010782,-0.001816,0.000304,0.000120
253,1.788518,0.813844,0.359449,1.815682,0.818509,0.359127,-0.027164,-0.004665,0.000323,0.000760
254,1.474610,1.153683,0.350424,1.478144,1.151207,0.353471,-0.003534,0.002476,-0.003047,0.000028
255,1.685017,0.786372,0.220367,1.707367,0.785761,0.219431,-0.022350,0.000611,0.000936,0.000501
256,1.195138,1.210984,0.108727,1.197474,1.212248,0.104164,-0.002336,-0.001264,0.004563,0.000028
257,0.749158,0.728633,0.381039,0.693529,0.738098,0.377776,0.055629,-0.009464,0.003263,0.003195
258,1.945800,1.207234,0.443919,1.944242,1.210744,0.446343,0.001559,-0.003510,-0.002424,0.000021
259,1.377839,0.802008,0.327772,1.396531,0.802996,0.327582,-0.018691,-0.000989,0.000190,0.000350
260,1.750758,0.576383,0.103150,1.723709,0.576289,0.103937,0.027049,0.000094,-0.000788,0.000732
261,1.445615,1.569639,0.491795,1.420969,1.526951,0.511925,0.024646,0.042688,-0.020130,0.002835
262,1.772924,1.605617,0.338336,1.743551,1.583226,0.349168,0.029374,0.022391,-0.010832,0.001482
263,1.331457,0.936162,0.294999,1.312544,0.938991,0.295807,0.018913,-0.002829,-0.000808,0.000366
264,1.229151,1.386559,0.344598,1.198368,1.371383,0.343318,0.030784,0.015175,0.001280,0.001180
265,1.518002,1.725034,0.295161,1.489709,1.701090,0.296195,0.028293,0.023944,-0.001034,0.001375
266,1.571435,1.292463,0.268802,1.607717,1.286272,0.267456,-0.036282,0.006191,0.001346,0.001357
267,0.973775,0.595266,0.457151,1.048820,0.599668,0.455697,-0.075045,-0.004402,0.001454,0.005653
268,1.125706,1.210007,0.297916,1.203884,1.227581,0.292058,-0.078178,-0.017574,0.005858,0.006455
269,1.908447,1.020146,0.379006,1.925062,1.014401,0.381993,-0.016615,0.005745,-0.002987,0.000318
270,0.531210,0.932016,0.176881,0.585039,0.935427,0.174976,-0.053829,-0.003411,0.001904,0.002913
271,1.015771,0.848155,0.187881,1.008540,0.848399,0.185812,0.007231,-0.000245,0.002069,0.000057
272,1.863605,1.008729,0.340840,1.805760,0.991601,0.341345,0.057846,0.017128,-0.000505,0.003640
273,1.763701,1.485437,0.152463,1.778566,1.494441,0.148673,-0.014865,-0.009003,0.003791,0.000316
274,0.940091,1.567078,0.483921,0.918898,1.551668,0.479185,0.021193,0.015410,0.004736,0.000709
275,1.749621,1.509661,0.393834,1.717363,1.497313,0.384406,0.032258,0.012348,0.009428,0.001282
276,1.693959,1.699633,0.437813,1.679846,1.687221,0.442738,0.014113,0.012411,-0.004926,0.000377
277,1.432764,0.923686,0.399702,1.430142,0.919076,0.404862,0.002622,0.004610,-0.005161,0.000055
278,1.500585,0.693645,0.179794,1.499850,0.692194,0.181221,0.000735,0.001451,-0.001427,0.000005
279,1.408624,0.651356,0.266394,1.388251,0.646723,0.267493,0.020372,0.004633,-0.001099,0.000438
280,1.990651,0.955478,0.183773,2.013537,0.968688,0.181697,-0.022886,-0.013210,0.002076,0.000703
281,0.570574,0.527196,0.452362,0.588433,0.529363,0.450969,-0.017859,-0.002167,0.001394,0.000326
282,1.035566,0.737908,0.431179,0.980622,0.746493,0.426588,0.054944,-0.008585,0.004592,0.003114
283,1.841686,0.547955,0.125466,1.783676,0.544188,0.125628,0.058010,0.003767,-0.000162,0.003379
284,1.145931,1.426344,0.148275,1.165043,1.426516,0.147279,-0.019113,-0.000172,0.000996,0.000366
285,0.836143,0.886733,0.236130,0.848125,0.892817,0.235321,-0.011982,-0.006084,0.000809,0.000181
286,1.032861,0.570015,0.451085,1.004339,0.566402,0.452914,0.028523,0.003612,-0.001828,0.000830
287,0.901237,0.726768,0.376054,0.935085,0.727261,0.378325,-0.033848,-0.000493,-0.002271,0.001151
288,1.273081,1.504229,0.382562,1.265287,1.497165,0.383739,0.007794,0.007064,-0.001177,0.000112
289,1.889948,1.156740,0.282854,1.879785,1.151370,0.284521,0.010164,0.005370,-0.001666,0.000135
290,1.762395,0.666396,0.142357,1.743826,0.668103,0.141049,0.018570,-0.001707,0.001308,0.000349
291,1.415859,1.673234,0.478953,1.452123,1.693694,0.487264,-0.036265,-0.020460,-0.008310,0.001803
292,1.735415,0.562954,0.142164,1.912210,0.568962,0.139246,-0.176795,-0.006007,0.002919,0.031301
293,1.444889,1.806304,0.464394,1.425526,1.785443,0.480832,0.019363,0.020862,-0.016438,0.001080
294,0.735549,0.938184,0.276607,0.751159,0.944296,0.271916,-0.015610,-0.006111,0.004692,0.000303
295,1.258845,1.598828,0.139718,1.259304,1.612690,0.134349,-0.000459,-0.013863,0.005369,0.000221
296,1.470639,1.001911,0.155109,1.510192,1.014219,0.152100,-0.039553,-0.012308,0.003009,0.001725
297,1.772893,1.158663,0.266300,1.785332,1.175369,0.262197,-0.012440,-0.016707,0.004103,0.000451
298,1.653550,0.867974,0.423658,1.672913,0.865787,0.421983,-0.019363,0.002187,0.001676,0.000383
299,1.011980,1.257534,0.134094,1.022608,1.253427,0.138747,-0.010628,0.004108,-0.004653,0.000151
300,1.058655,1.632268,0.244257,1.109533,1.628622,0.253594,-0.050878,0.003646,-0.009337,0.002689
301,1.497493,0.727417,0.401403,1.469229,0.727927,0.401513,0.028264,-0.000510,-0.000110,0.000799
302,1.132583,0.842273,0.420707,1.132142,0.838612,0.421501,0.000441,0.003661,-0.000793,0.000014
303,1.120114,1.113964,0.283501,1.103497,1.109115,0.284030,0.016617,0.004849,-0.000528,0.000300
304,1.778586,1.691911,0.244710,1.768986,1.676493,0.248883,0.009599,0.015418,-0.004173,0.000347
305,0.544644,0.718376,0.103979,0.532579,0.716444,0.106306,0.012065,0.001933,-0.002326,0.000155
306,1.709370,1.915464,0.133911,1.694169,1.911432,0.130004,0.015201,0.004033,0.003907,0.000263
307,0.972207,1.972917,0.165730,0.962178,1.982592,0.167013,0.010029,-0.009674,-0.001283,0.000196
308,0.592202,1.638789,0.364070,0.618278,1.647896,0.359363,-0.026075,-0.009108,0.004708,0.000785
309,1.462199,1.853767,0.123124,1.442982,1.879666,0.106673,0.019217,-0.025900,0.016451,0.001311
310,1.447411,1.570054,0.364145,1.434838,1.552901,0.368707,0.012574,0.017154,-0.004562,0.000473
311,1.279668,0.943587,0.260801,1.289371,0.937133,0.265280,-0.009703,0.006454,-0.004479,0.000156
312,1.521306,1.330416,0.221729,1.486629,1.333886,0.214661,0.034677,-0.003471,0.007069,0.001265
313,1.614046,1.863846,0.103161,1.611630,1.853629,0.113147,0.002416,0.010218,-0.009986,0.000210
314,0.919671,1.291688,0.468180,0.953736,1.302778,0.466062,-0.034065,-0.011091,0.002119,0.001288
315,1.550443,1.169284,0.182053,1.599306,1.178995,0.179815,-0.048863,-0.009711,0.002239,0.002487
316,1.316638,1.682512,0.360815,1.316598,1.685895,0.365742,0.000039,-0.003383,-0.004928,0.000036
317,1.546206,1.831512,0.412625,1.562668,1.841746,0.400539,-0.016461,-0.010234,0.012087,0.000522
318,1.106759,0.795944,0.220613,1.044585,0.795231,0.219427,0.062173,0.000713,0.001186,0.003867
319,0.555455,1.001739,0.390039,0.542373,1.005044,0.387743,0.013082,-0.003305,0.002296,0.000187
320,1.610078,0.689008,0.496770,1.596049,0.691678,0.495723,0.014029,-0.002670,0.001046,0.000205
321,0.925892,0.639229,0.320714,0.900138,0.642814,0.321593,0.025754,-0.003584,-0.000879,0.000677
322,1.282004,1.635569,0.164011,1.273175,1.626228,0.174391,0.008828,0.009342,-0.010380,0.000273
323,0.541837,1.694898,0.337001,0.510433,1.699769,0.336170,0.031404,-0.004871,0.000831,0.001011
324,0.862010,1.661237,0.390604,0.837303,1.661273,0.404241,0.024707,-0.000036,-0.013637,0.000796
325,1.980432,0.665663,0.123978,1.980703,0.666637,0.124130,-0.000271,-0.000975,-0.000152,0.000001
326,1.059468,1.440484,0.241789,1.056604,1.444764,0.239695,0.002864,-0.004280,0.002095,0.000031
327,0.571599,1.476444,0.149900,0.620196,1.459405,0.165025,-0.048597,0.017039,-0.015125,0.002881
328,0.946942,1.605288,0.281259,0.950432,1.624194,0.263257,-0.003491,-0.018906,0.018002,0.000694
329,1.974426,1.708081,0.495600,1.994406,1.734378,0.488550,-0.019981,-0.026296,0.007050,0.001140
330,1.348396,1.841508,0.351098,1.302117,1.827402,0.355792,0.046279,0.014106,-0.004694,0.002363
331,1.299933,1.393323,0.240135,1.290538,1.393820,0.234692,0.009395,-0.000496,0.005443,0.000118
332,0.926803,1.677184,0.385942,0.873300,1.662241,0.378098,0.053503,0.014943,0.007844,0.003147
333,1.508651,1.571526,0.307867,1.542096,1.592645,0.305675,-0.033445,-0.021119,0.002191,0.001569
334,0.871450,0.991770,0.332948,0.910788,0.992436,0.327671,-0.039338,-0.000666,0.005277,0.001576
335,1.734264,1.041901,0.139195,1.718259,1.033829,0.140777,0.016005,0.008072,-0.001582,0.000324
336,1.567461,1.742656,0.132779,1.576415,1.737052,0.134434,-0.008955,0.005605,-0.001656,0.000114
337,0.593291,1.832764,0.290501,0.580620,1.832939,0.302297,0.012671,-0.000175,-0.011796,0.000300
338,1.169246,1.053941,0.310502,1.200291,1.044787,0.316126,-0.031045,0.009154,-0.005624,0.001079
339,1.382359,1.278417,0.257913,1.309890,1.261677,0.257387,0.072469,0.016740,0.000526,0.005532
340,0.895541,1.248241,0.269369,0.944633,1.258322,0.269936,-0.049093,-0.010081,-0.000567,0.002512
341,1.160120,1.896553,0.295816,1.136415,1.906905,0.295057,0.023705,-0.010351,0.000759,0.000670
342,1.959909,1.735718,0.157738,1.965893,1.734325,0.151023,-0.005984,0.001393,0.006715,0.000083
343,0.690686,1.566726,0.151754,0.685500,1.571687,0.155882,0.005186,-0.004961,-0.004128,0.000069
344,1.556787,1.794907,0.147223,1.569550,1.818045,0.152134,-0.012763,-0.023137,-0.004910,0.000722
345,0.818964,1.210033,0.398599,0.789252,1.212410,0.392514,0.029712,-0.002376,0.006084,0.000925
346,1.916104,1.053998,0.480729,1.968089,1.055865,0.481782,-0.051985,-0.001867,-0.001054,0.002707
347,1.402400,1.112930,0.148347,1.430230,1.122367,0.140459,-0.027830,-0.009438,0.007887,0.000926
348,1.357647,0.560423,0.161322,1.351700,0.561901,0.159932,0.005947,-0.001478,0.001390,0.000039
349,1.057201,1.986530,0.221304,1.032933,1.966116,0.230570,0.024268,0.020414,-0.009265,0.001092
350,1.228888,1.686806,0.156856,1.218576,1.682717,0.147297,0.010312,0.004088,0.009559,0.000214
351,1.384436,0.572977,0.457701,1.364852,0.572578,0.458027,0.019585,0.000398,-0.000326,0.000384
352,1.833586,0.823372,0.427650,1.854252,0.826952,0.427311,-0.020666,-0.003580,0.000339,0.000440
353,1.233190,0.683492,0.239460,1.209562,0.680908,0.239107,0.023628,0.002584,0.000352,0.000565
354,1.805640,1.126363,0.329224,1.816529,1.124735,0.329040,-0.010889,0.001628,0.000184,0.000121
355,1.348646,1.850431,0.412540,1.393682,1.915990,0.402152,-0.045036,-0.065559,0.010388,0.006434
356,1.212841,1.580050,0.342284,1.229139,1.586874,0.332535,-0.016298,-0.006824,0.009749,0.000407
357,1.642927,1.257146,0.284374,1.691178,1.268658,0.283349,-0.048252,-0.011512,0.001025,0.002462
358,1.174894,1.173612,0.446538,1.167866,1.171066,0.441376,0.007028,0.002546,0.005162,0.000083
359,0.987824,1.699717,0.365801,0.984473,1.714924,0.351535,0.003351,-0.015206,0.014266,0.000446
360,1.114442,0.849233,0.258159,1.152460,0.852069,0.257302,-0.038017,-0.002836,0.000857,0.001454
361,1.311492,1.937119,0.456017,1.296614,1.907521,0.455313,0.014878,0.029598,0.000705,0.001098
362,1.603869,1.468875,0.446381,1.607824,1.477943,0.440078,-0.003955,-0.009068,0.006303,0.000138
363,1.560813,1.357992,0.418464,1.552470,1.356648,0.415425,0.008343,0.001344,0.003039,0.000081
364,1.561098,1.341567,0.149513,1.588188,1.350927,0.153424,-0.027090,-0.009361,-0.003912,0.000837
365,1.339029,0.788640,0.347482,1.324081,0.791922,0.345651,0.014949,-0.003282,0.001830,0.000238
366,1.365283,0.579312,0.328098,1.361826,0.575556,0.327486,0.003457,0.003756,0.000612,0.000026
367,0.784094,1.213754,0.458746,0.771517,1.212931,0.461152,0.012577,0.000822,-0.002407,0.000165
368,0.680425,1.904273,0.171897,0.682029,1.914063,0.156527,-0.001604,-0.009790,0.015370,0.000335
369,0.528460,1.680136,0.198115,0.559094,1.680408,0.189640,-0.030634,-0.000272,0.008474,0.001010
370,1.558427,1.831484,0.277692,1.520512,1.827310,0.258989,0.037914,0.004173,0.018703,0.001805
371,1.710382,1.410282,0.260719,1.729564,1.424003,0.259736,-0.019183,-0.013720,0.000983,0.000557
372,0.567475,1.792962,0.109305,0.555814,1.778093,0.110391,0.011661,0.014868,-0.001086,0.000358
373,1.155526,1.122405,0.443859,1.207105,1.134280,0.442130,-0.051579,-0.011875,0.001729,0.002804
374,0.976074,0.885767,0.145858,1.001062,0.890798,0.142664,-0.024988,-0.005032,0.003194,0.000660
375,0.649000,0.752234,0.157614,0.625543,0.752132,0.157373,0.023457,0.000102,0.000241,0.000550
376,0.883332,0.634443,0.222718,0.855684,0.633273,0.223638,0.027648,0.001170,-0.000921,0.000767
377,1.110915,0.753787,0.345790,1.176932,0.753569,0.347338,-0.066018,0.000217,-0.001548,0.004361
378,0.987936,0.540757,0.123401,0.958879,0.539412,0.124125,0.029057,0.001345,-0.000724,0.000847
379,1.084910,0.980062,0.265129,1.098718,0.979389,0.268799,-0.013808,0.000673,-0.003670,0.000205
380,0.986327,1.063270,0.431097,0.922488,1.057660,0.433969,0.063839,0.005610,-0.002872,0.004115
381,0.681449,0.803839,0.400853,0.699243,0.810439,0.398064,-0.017794,-0.006600,0.002790,0.000368
382,1.379044,1.239469,0.400956,1.418809,1.254877,0.399580,-0.039765,-0.015408,0.001376,0.001821
383,1.077573,0.672622,0.124253,1.104121,0.668164,0.127915,-0.026548,0.004459,-0.003662,0.000738
384,1.197235,1.110615,0.293669,1.217267,1.118472,0.289175,-0.020032,-0.007857,0.004493,0.000483
385,1.111241,0.850611,0.454462,1.144246,0.857084,0.452285,-0.033005,-0.006473,0.002177,0.001136
386,0.903740,1.945212,0.370039,0.891626,1.958684,0.356370,0.012113,-0.013472,0.013669,0.000515
387,0.869474,1.332061,0.414086,0.838837,1.320837,0.415298,0.030637,0.011224,-0.001212,0.001066
388,0.956919,1.110119,0.133563,0.878151,1.108198,0.130639,0.078768,0.001921,0.002925,0.006217
389,1.453698,0.805185,0.487165,1.498104,0.802797,0.491741,-0.044405,0.002388,-0.004576,0.001998
390,1.059958,1.977963,0.412809,1.070075,1.982812,0.423825,-0.010117,-0.004849,-0.011016,0.000247
391,1.306303,1.135629,0.464597,1.267570,1.129910,0.467989,0.038734,0.005719,-0.003392,0.001545
392,1.177613,0.501502,0.285861,1.222968,0.497207,0.289112,-0.045355,0.004295,-0.003251,0.002086
393,1.744058,0.933874,0.488833,1.743114,0.945983,0.483270,0.000944,-0.012109,0.005563,0.000178
394,0.500814,1.900260,0.292875,0.469266,1.884820,0.301655,0.031549,0.015440,-0.008780,0.001311
395,1.396802,1.759232,0.252061,1.449341,1.776825,0.262880,-0.052539,-0.017594,-0.010819,0.003187
396,1.027127,1.448310,0.334064,0.971328,1.432048,0.335224,0.055799,0.016262,-0.001160,0.003379
397,1.265493,0.568227,0.395673,1.338476,0.564874,0.398245,-0.072983,0.003353,-0.002572,0.005344
398,1.344622,0.950958,0.258122,1.358249,0.951288,0.259078,-0.013627,-0.000330,-0.000956,0.000187
399,0.684465,0.709475,0.322592,0.669032,0.707980,0.324420,0.015433,0.001495,-0.001829,0.000244
400,0.919187,1.147944,0.344178,0.903740,1.144474,0.345297,0.015448,0.003469,-0.001119,0.000252
401,1.936126,0.977456,0.372840,1.962288,0.974401,0.374539,-0.026163,0.003055,-0.001699,0.000697
402,1.013953,0.892041,0.401078,1.029933,0.888302,0.404489,-0.015980,0.003739,-0.003412,0.000281
403,1.179077,0.868892,0.493209,1.254357,0.876900,0.493329,-0.075280,-0.008008,-0.000121,0.005731
404,1.012445,1.189699,0.339805,1.003729,1.185628,0.345834,0.008715,0.004071,-0.006028,0.000129
405,0.523812,1.537768,0.358577,0.531322,1.545657,0.345650,-0.007511,-0.007890,0.012928,0.000286
406,0.503071,1.214793,0.460578,0.509676,1.229684,0.452186,-0.006605,-0.014891,0.008392,0.000336
407,1.509060,1.119745,0.458107,1.488123,1.118065,0.463768,0.020936,0.001679,-0.005660,0.000473
408,1.554950,1.643698,0.315253,1.567680,1.633058,0.325478,-0.012731,0.010639,-0.010226,0.000380
409,1.680958,1.473646,0.131009,1.667685,1.485178,0.119795,0.013273,-0.011532,0.011214,0.000435
410,0.546421,1.748126,0.368645,0.530085,1.751411,0.356924,0.016336,-0.003285,0.011721,0.000415
411,1.508369,1.029492,0.425112,1.520639,1.032306,0.425892,-0.012270,-0.002814,-0.000780,0.000159
412,1.741200,1.036949,0.170875,1.769725,1.056865,0.163784,-0.028525,-0.019917,0.007090,0.001261
413,1.651949,1.545545,0.103373,1.692219,1.565886,0.104538,-0.040270,-0.020340,-0.001165,0.002037
414,1.194039,1.904372,0.277831,1.188709,1.898673,0.271714,0.005330,0.005699,0.006117,0.000098
415,0.832281,0.529673,0.212454,0.824537,0.529771,0.213632,0.007744,-0.000098,-0.001178,0.000061
416,1.882098,1.036732,0.135987,1.908043,1.046713,0.135801,-0.025945,-0.009982,0.000186,0.000773
417,1.420164,0.954768,0.387124,1.427573,0.954781,0.389852,-0.007409,-0.000013,-0.002728,0.000062
418,0.851387,1.240713,0.245200,0.835358,1.236614,0.246777,0.016029,0.004099,-0.001577,0.000276
419,0.921135,1.856761,0.382787,0.912762,1.839290,0.400386,0.008373,0.017471,-0.017598,0.000685
420,0.813629,0.794130,0.428449,0.820765,0.793239,0.428847,-0.007136,0.000891,-0.000398,0.000052
421,1.094129,1.804874,0.327641,1.110115,1.818490,0.320766,-0.015986,-0.013616,0.006875,0.000488
422,1.241017,1.327678,0.363935,1.245149,1.331751,0.365048,-0.004132,-0.004073,-0.001112,0.000035
423,1.348561,1.523575,0.326056,1.326127,1.509610,0.331934,0.022434,0.013966,-0.005878,0.000733
424,0.598041,0.692370,0.126020,0.580520,0.693070,0.128722,0.017521,-0.000700,-0.002702,0.000315
425,0.889437,1.354855,0.191186,0.897365,1.346510,0.198223,-0.007928,0.008345,-0.007037,0.000182
426,1.284620,1.673379,0.176741,1.322010,1.713863,0.175483,-0.037390,-0.040484,0.001258,0.003039
427,1.516968,1.987927,0.377194,1.502567,1.988174,0.369519,0.014401,-0.000247,0.007675,0.000266
428,1.299412,0.879382,0.324046,1.353648,0.883279,0.323549,-0.054236,-0.003898,0.000498,0.002957
429,1.180889,1.906836,0.356387,1.196783,1.915512,0.356098,-0.015894,-0.008676,0.000288,0.000328
430,1.914611,0.577794,0.475504,1.905905,0.577125,0.475477,0.008707,0.000669,0.000027,0.000076
431,1.148822,1.992660,0.209614,1.158313,2.005354,0.219733,-0.009490,-0.012694,-0.010118,0.000354
432,1.520260,1.199880,0.244589,1.504468,1.209363,0.241464,0.015792,-0.009483,0.003124,0.000349
433,1.638533,1.825704,0.189819,1.656242,1.837579,0.197496,-0.017709,-0.011876,-0.007676,0.000514
434,0.916900,1.130093,0.279545,0.906683,1.120892,0.288174,0.010217,0.009201,-0.008629,0.000264
435,0.507739,0.791912,0.132724,0.533598,0.789198,0.130583,-0.025859,0.002714,0.002141,0.000681
436,1.357729,0.538058,0.394978,1.312895,0.532528,0.396280,0.044835,0.005530,-0.001302,0.002042
437,1.967143,1.135730,0.129776,1.964865,1.139826,0.125815,0.002278,-0.004095,0.003962,0.000038
438,0.874976,0.746722,0.224322,0.845066,0.746864,0.225521,0.029910,-0.000142,-0.001199,0.000896
439,1.438992,0.645089,0.291987,1.433888,0.647469,0.291037,0.005104,-0.002379,0.000950,0.000033
440,1.712089,1.388796,0.350519,1.730105,1.375345,0.366255,-0.018016,0.013451,-0.015736,0.000753
441,1.001454,0.875614,0.143136,0.963379,0.868409,0.145195,0.038075,0.007206,-0.002058,0.001506
442,0.857539,1.011203,0.121773,0.874270,1.007535,0.127630,-0.016731,0.003668,-0.005856,0.000328
443,1.000383,1.691167,0.477419,1.006069,1.681891,0.475111,-0.005687,0.009276,0.002308,0.000124
444,1.663624,1.429350,0.405639,1.672544,1.450176,0.399183,-0.008920,-0.020826,0.006456,0.000555
445,1.438023,1.368402,0.134214,1.477031,1.368388,0.131174,-0.039008,0.000014,0.003040,0.001531
446,0.591030,0.550016,0.225312,0.665855,0.548165,0.225585,-0.074825,0.001850,-0.000273,0.005602
447,1.771538,0.597542,0.151014,1.727795,0.602373,0.148322,0.043743,-0.004831,0.002693,0.001944
448,1.878674,1.162878,0.220588,1.917322,1.165098,0.227853,-0.038649,-0.002221,-0.007265,0.001551
449,1.439278,0.598685,0.371026,1.410112,0.600873,0.370972,0.029166,-0.002188,0.000053,0.000855
450,1.338887,0.942375,0.252582,1.295611,0.933709,0.258046,0.043276,0.008666,-0.005464,0.001978
451,0.643745,1.627945,0.193245,0.600910,1.617396,0.179811,0.042835,0.010549,0.013434,0.002127
452,1.399364,1.489586,0.104243,1.428679,1.505495,0.096660,-0.029315,-0.015909,0.007582,0.001170
453,1.075880,1.692747,0.451975,1.074174,1.693812,0.433507,0.001706,-0.001065,0.018468,0.000345
454,1.428846,1.009425,0.475034,1.438676,1.005623,0.474233,-0.009830,0.003802,0.000801,0.000112
455,1.674394,1.181115,0.231277,1.645917,1.183655,0.226060,0.028476,-0.002540,0.005218,0.000845
456,0.788722,0.654034,0.338070,0.800684,0.658010,0.337086,-0.011962,-0.003976,0.000984,0.000160
457,0.601317,1.684125,0.177446,0.583200,1.690264,0.177803,0.018117,-0.006140,-0.000357,0.000366
458,1.359818,1.456046,0.202514,1.370547,1.458944,0.205089,-0.010729,-0.002898,-0.002574,0.000130
459,1.131511,1.586935,0.277850,1.124033,1.567854,0.276868,0.007477,0.019080,0.000982,0.000421
460,0.864729,1.695538,0.124196,0.904199,1.707243,0.113998,-0.039470,-0.011705,0.010199,0.001799
461,0.967500,1.153772,0.483897,0.955241,1.157080,0.480071,0.012259,-0.003308,0.003826,0.000176
462,1.631560,0.966782,0.454089,1.651124,0.965713,0.453321,-0.019563,0.001069,0.000768,0.000384
463,1.663243,0.721114,0.223470,1.579814,0.715827,0.225127,0.083430,0.005287,-0.001658,0.006991
464,1.014350,1.053245,0.103233,0.965470,1.056626,0.097853,0.048881,-0.003381,0.005380,0.002430
465,1.379660,1.517451,0.122927,1.361948,1.520229,0.121394,0.017712,-0.002778,0.001533,0.000324
466,1.260662,1.752762,0.443481,1.277785,1.773182,0.439265,-0.017123,-0.020419,0.004216,0.000728
467,1.133092,0.793111,0.180149,1.157244,0.800121,0.177473,-0.024153,-0.007010,0.002676,0.000640
468,1.862750,1.677896,0.236621,1.824420,1.640438,0.239789,0.038330,0.037457,-0.003168,0.002882
469,1.501790,1.542172,0.492769,1.544153,1.543059,0.500338,-0.042363,-0.000886,-0.007569,0.001853
470,1.399643,0.996718,0.331364,1.409786,1.004586,0.326146,-0.010142,-0.007868,0.005218,0.000192
471,1.944597,1.424155,0.267478,1.938783,1.416926,0.270445,0.005814,0.007229,-0.002967,0.000095
472,0.743420,1.181453,0.415677,0.724372,1.176281,0.415547,0.019048,0.005173,0.000129,0.000390
473,0.563288,0.829109,0.101479,0.537412,0.826481,0.102604,0.025876,0.002628,-0.001125,0.000678
474,0.834538,0.845411,0.349568,0.773784,0.838534,0.350930,0.060753,0.006877,-0.001362,0.003740
475,0.858529,1.601879,0.481035,0.855026,1.586930,0.501669,0.003502,0.014949,-0.020633,0.000661
476,0.997273,1.610122,0.182127,1.022482,1.614509,0.187167,-0.025209,-0.004387,-0.005041,0.000680
477,0.776367,1.984817,0.245127,0.732648,1.959272,0.256016,0.043719,0.025545,-0.010889,0.002682
478,0.610597,0.545026,0.146076,0.570169,0.540931,0.146704,0.040428,0.004096,-0.000628,0.001652
479,0.935864,0.791605,0.334275,0.901170,0.785851,0.335078,0.034694,0.005755,-0.000804,0.001237
480,1.648299,0.565857,0.111874,1.725657,0.563939,0.112777,-0.077358,0.001918,-0.000903,0.005989
481,0.796737,0.761220,0.454153,0.794846,0.765014,0.451159,0.001891,-0.003794,0.002993,0.000027
482,1.578255,1.009726,0.321802,1.571411,1.014701,0.321106,0.006844,-0.004975,0.000696,0.000072
483,0.767812,0.532238,0.437153,0.797801,0.535709,0.436350,-0.029989,-0.003471,0.000803,0.000912
484,1.865973,0.531491,0.370981,1.919730,0.532067,0.371023,-0.053756,-0.000576,-0.000042,0.002890
485,1.068384,1.681121,0.144388,1.040373,1.665404,0.142920,0.028011,0.015717,0.001468,0.001034
486,1.904171,0.957609,0.196060,1.886873,0.947894,0.200855,0.017299,0.009715,-0.004795,0.000417
487,1.714232,1.491363,0.476465,1.680534,1.480093,0.476410,0.033698,0.011270,0.000055,0.001263
488,1.965653,1.996542,0.452666,1.968481,1.990189,0.451879,-0.002828,0.006353,0.000787,0.000049
489,1.817582,0.598066,0.157773,1.844215,0.598603,0.158611,-0.026633,-0.000537,-0.000839,0.000710
490,1.886233,1.692347,0.176673,1.879035,1.705350,0.170528,0.007198,-0.013003,0.006145,0.000259
491,1.067293,1.061383,0.339820,0.999678,1.058037,0.337715,0.067615,0.003346,0.002104,0.004587
492,1.965472,0.866824,0.118478,1.975529,0.877052,0.115180,-0.010057,-0.010228,0.003298,0.000217
493,1.424042,0.783653,0.314187,1.333769,0.769675,0.313934,0.090273,0.013979,0.000254,0.008345
494,1.684382,0.991521,0.121304,1.657791,0.989114,0.126206,0.026591,0.002407,-0.004902,0.000737
495,1.693418,1.809277,0.440601,1.665620,1.787007,0.451479,0.027798,0.022270,-0.010878,0.001387
496,1.952576,1.828751,0.183695,1.985033,1.861324,0.185804,-0.032456,-0.032573,-0.002109,0.002119
497,0.622112,1.206001,0.365401,0.638399,1.204181,0.372519,-0.016288,0.001820,-0.007118,0.000319
498,0.597310,1.262921,0.400523,0.590657,1.262562,0.396638,0.006653,0.000358,0.003885,0.000059
499,1.467607,1.263738,0.299435,1.435694,1.260070,0.304544,0.031914,0.003668,-0.005109,0.001058
500,1.196401,0.982735,0.249551,1.186437,0.980816,0.250192,0.009964,0.001919,-0.000641,0.000103
501,1.541765,1.573475,0.297917,1.499947,1.544515,0.306547,0.041818,0.028959,-0.008630,0.002662
502,0.902503,1.101419,0.468474,0.944238,1.113250,0.457842,-0.041735,-0.011831,0.010632,0.001995
503,1.375974,0.554907,0.187811,1.285762,0.554310,0.187302,0.090212,0.000596,0.000509,0.008139
504,0.804501,1.794752,0.258360,0.811269,1.795361,0.272252,-0.006768,-0.000609,-0.013892,0.000239
505,0.958999,1.833063,0.328548,0.960945,1.811234,0.338716,-0.001946,0.021830,-0.010168,0.000584
506,1.903248,1.061161,0.320221,1.960184,1.064004,0.323214,-0.056936,-0.002843,-0.002993,0.003259
507,0.701495,0.626042,0.277802,0.675368,0.621987,0.279468,0.026127,0.004056,-0.001666,0.000702
508,1.027362,1.375943,0.286101,0.972109,1.369151,0.292621,0.055254,0.006792,-0.006520,0.003142
509,1.431689,1.139154,0.287020,1.432962,1.139188,0.285538,-0.001274,-0.000034,0.001482,0.000004
510,1.113429,1.706757,0.226808,1.123186,1.730457,0.216385,-0.009757,-0.023701,0.010423,0.000766
511,1.073556,0.769349,0.193516,1.071855,0.768388,0.193599,0.001702,0.000961,-0.000083,0.000004
512,1.468032,1.038639,0.132967,1.448287,1.024998,0.138085,0.019745,0.013642,-0.005118,0.000602
513,1.763905,1.269186,0.357462,1.749472,1.276882,0.356149,0.014433,-0.007696,0.001313,0.000269
514,1.678810,1.889909,0.139364,1.703044,1.926194,0.128354,-0.024234,-0.036285,0.011009,0.002025
515,0.607023,0.557422,0.180123,0.634825,0.557067,0.180390,-0.027802,0.000355,-0.000267,0.000773
516,0.794969,0.993862,0.221086,0.803379,0.991581,0.222539,-0.008409,0.002280,-0.001453,0.000078
517,1.723347,1.525309,0.209786,1.705423,1.512255,0.199635,0.017924,0.013054,0.010150,0.000595
518,1.558464,1.996994,0.499362,1.572701,1.980556,0.504583,-0.014237,0.016438,-0.005221,0.000500
519,1.628575,1.609732,0.464953,1.622728,1.610798,0.464955,0.005847,-0.001067,-0.000002,0.000035
520,0.512801,0.949211,0.428924,0.535990,0.957031,0.430256,-0.023189,-0.007820,-0.001332,0.000601
521,1.674692,1.105717,0.262303,1.655661,1.098926,0.266920,0.019031,0.006791,-0.004617,0.000430
522,1.369931,1.482963,0.288802,1.351925,1.477282,0.286007,0.018006,0.005681,0.002795,0.000364
523,1.268970,1.641741,0.159712,1.239064,1.650906,0.147394,0.029906,-0.009165,0.012319,0.001130
524,1.096258,0.840389,0.399655,1.100133,0.838306,0.397540,-0.003876,0.002084,0.002115,0.000024
525,1.211657,1.273738,0.414390,1.179669,1.262624,0.418437,0.031988,0.011114,-0.004048,0.001163
526,1.636432,1.583766,0.284560,1.631432,1.583183,0.285467,0.005000,0.000583,-0.000907,0.000026
527,1.687872,0.969612,0.175139,1.707567,0.974380,0.176467,-0.019695,-0.004768,-0.001329,0.000412
528,1.655197,1.546912,0.183834,1.615021,1.551138,0.176402,0.040175,-0.004226,0.007432,0.001687
529,1.174958,1.337670,0.249880,1.145377,1.343247,0.243789,0.029581,-0.005576,0.006091,0.000943
530,1.366263,0.692518,0.477342,1.344046,0.684347,0.479445,0.022217,0.008172,-0.002104,0.000565
531,0.514522,1.715602,0.433720,0.456268,1.700072,0.440126,0.058254,0.015531,-0.006406,0.003676
532,1.009733,1.128721,0.374305,1.035999,1.140620,0.364889,-0.026266,-0.011899,0.009416,0.000920
533,1.105053,1.667965,0.315042,1.117105,1.653194,0.329679,-0.012052,0.014771,-0.014637,0.000578
534,0.989119,0.534860,0.414143,1.001078,0.534859,0.414952,-0.011959,0.000001,-0.000809,0.000144
535,1.883216,0.730537,0.481055,1.948557,0.733378,0.481731,-0.065340,-0.002841,-0.000676,0.004278
536,0.995376,1.444759,0.341201,0.960743,1.436446,0.340801,0.034632,0.008313,0.000400,0.001269
537,1.411756,1.800417,0.492069,1.405122,1.821986,0.483826,0.006633,-0.021569,0.008243,0.000577
538,0.806307,1.085954,0.313796,0.828158,1.085577,0.318316,-0.021851,0.000377,-0.004520,0.000498
539,0.782508,0.662958,0.327806,0.752188,0.662130,0.325979,0.030320,0.000828,0.001827,0.000923
540,1.177303,1.842116,0.137297,1.130168,1.816541,0.136653,0.047135,0.025575,0.000644,0.002876
541,0.656470,1.329360,0.112824,0.617532,1.327970,0.109243,0.038937,0.001390,0.003580,0.001531
542,1.533537,1.232920,0.174677,1.544496,1.233663,0.174739,-0.010959,-0.000743,-0.000063,0.000121
543,0.604237,1.944492,0.213527,0.650883,1.976054,0.207316,-0.046647,-0.031562,0.006211,0.003211
544,0.849559,1.489355,0.127992,0.847190,1.478537,0.143186,0.002369,0.010818,-0.015195,0.000354
545,0.586180,1.277798,0.168730,0.573797,1.275759,0.172590,0.012382,0.002038,-0.003860,0.000172
546,1.789561,1.116292,0.162814,1.809492,1.126394,0.161983,-0.019931,-0.010102,0.000831,0.000500
547,0.666116,1.304680,0.291300,0.703746,1.313976,0.285513,-0.037630,-0.009297,0.005787,0.001536
548,0.603144,1.932645,0.446280,0.590968,1.927382,0.434106,0.012176,0.005263,0.012174,0.000324
549,0.694898,0.808516,0.272880,0.737994,0.804693,0.272038,-0.043095,0.003822,0.000843,0.001873
550,1.564507,1.212170,0.341484,1.569035,1.217200,0.335470,-0.004527,-0.005030,0.006014,0.000082
551,1.908731,1.381238,0.300990,1.933413,1.387563,0.299728,-0.024682,-0.006325,0.001262,0.000651
552,1.527254,0.913161,0.102977,1.483398,0.911601,0.103573,0.043856,0.001561,-0.000596,0.001926
553,0.714038,0.595955,0.259695,0.724427,0.600087,0.259268,-0.010389,-0.004132,0.000427,0.000125
554,1.711349,1.288785,0.464121,1.675103,1.271343,0.461862,0.036246,0.017441,0.002259,0.001623
555,1.818859,1.190307,0.330453,1.822892,1.175529,0.338845,-0.004033,0.014777,-0.008392,0.000305
556,1.605936,0.931868,0.452398,1.644463,0.942920,0.447026,-0.038527,-0.011052,0.005371,0.001635
557,1.184460,1.550475,0.384659,1.190298,1.518115,0.401716,-0.005838,0.032360,-0.017057,0.001372
558,0.946173,1.419541,0.423994,1.007597,1.440690,0.416028,-0.061424,-0.021149,0.007966,0.004284
559,0.762689,0.873702,0.459986,0.737317,0.878503,0.457987,0.025372,-0.004801,0.001999,0.000671
560,1.599866,1.186742,0.464333,1.567001,1.179908,0.458890,0.032864,0.006834,0.005443,0.001156
561,0.775166,1.352923,0.257421,0.807650,1.356958,0.266962,-0.032484,-0.004035,-0.009542,0.001163
562,1.918531,0.859543,0.448216,1.908129,0.859346,0.448662,0.010402,0.000197,-0.000446,0.000108
563,0.910664,1.442125,0.216756,0.939662,1.439099,0.216427,-0.028998,0.003026,0.000329,0.000850
564,1.874445,1.547066,0.388964,1.861684,1.551283,0.384998,0.012760,-0.004217,0.003966,0.000196
565,0.825882,1.240231,0.496956,0.877909,1.236259,0.496648,-0.052027,0.003972,0.000308,0.002723
566,1.329236,1.992975,0.130613,1.319224,1.972487,0.139861,0.010012,0.020487,-0.009248,0.000605
567,0.657837,1.649809,0.230405,0.662402,1.646475,0.227916,-0.004565,0.003333,0.002489,0.000038
568,1.176404,0.879150,0.302426,1.206513,0.875572,0.303759,-0.030109,0.003578,-0.001334,0.000921
569,1.193251,0.609793,0.377794,1.255739,0.609430,0.379554,-0.062487,0.000363,-0.001760,0.003908
570,1.624604,1.071733,0.398383,1.651160,1.063697,0.405170,-0.026556,0.008036,-0.006787,0.000816
571,1.783660,1.095011,0.104295,1.814410,1.095510,0.104174,-0.030750,-0.000498,0.000121,0.000946
572,0.672024,1.875705,0.230844,0.662607,1.883875,0.215478,0.009417,-0.008169,0.015366,0.000392
573,1.623014,1.227139,0.127295,1.646812,1.222915,0.134765,-0.023798,0.004224,-0.007470,0.000640
574,1.322643,0.863440,0.480007,1.298160,0.862806,0.478349,0.024482,0.000634,0.001658,0.000603
575,0.710384,1.730640,0.436625,0.737759,1.735384,0.441056,-0.027375,-0.004744,-0.004431,0.000792
576,0.755884,0.527099,0.140206,0.820317,0.526109,0.139462,-0.064434,0.000990,0.000744,0.004153
577,0.941217,1.301981,0.256340,0.927412,1.312038,0.252724,0.013804,-0.010057,0.003616,0.000305
578,0.616378,1.645384,0.370953,0.625614,1.653266,0.368837,-0.009236,-0.007883,0.002116,0.000152
579,0.730245,1.037130,0.186669,0.661730,1.029380,0.184781,0.068515,0.007751,0.001887,0.004758
580,0.551667,1.512566,0.186467,0.565784,1.512319,0.193807,-0.014116,0.000248,-0.007341,0.000253
581,1.545114,1.754752,0.424605,1.499136,1.710234,0.440856,0.045978,0.044518,-0.016252,0.004360
582,1.461518,1.574616,0.458804,1.436231,1.561365,0.460953,0.025287,0.013251,-0.002149,0.000820
583,1.085928,0.962486,0.120966,1.132759,0.963980,0.121211,-0.046831,-0.001494,-0.000245,0.002195
584,0.506999,1.658615,0.406846,0.516574,1.663326,0.400414,-0.009576,-0.004711,0.006432,0.000155
585,1.893231,1.061967,0.195416,1.938027,1.077483,0.190038,-0.044796,-0.015515,0.005378,0.002276
586,0.637080,1.132524,0.495716,0.616550,1.141295,0.489902,0.020529,-0.008771,0.005814,0.000532
587,1.005675,0.788228,0.367580,0.991815,0.785595,0.370108,0.013860,0.002633,-0.002528,0.000205
588,0.830852,1.823429,0.418770,0.814598,1.828484,0.405073,0.016254,-0.005055,0.013697,0.000477
589,1.745676,0.751824,0.166819,1.735080,0.754963,0.167926,0.010596,-0.003139,-0.001107,0.000123
590,1.123520,0.661526,0.230857,1.149705,0.661625,0.229520,-0.026185,-0.000099,0.001337,0.000687
591,1.343081,0.784321,0.182848,1.411821,0.788580,0.182831,-0.068740,-0.004258,0.000017,0.004743
592,1.312554,1.908385,0.148322,1.291600,1.890948,0.150942,0.020954,0.017437,-0.002621,0.000750
593,0.820670,1.034864,0.169449,0.863410,1.039847,0.166979,-0.042740,-0.004982,0.002470,0.001858
594,1.103209,0.974360,0.255675,1.096649,0.977633,0.254848,0.006560,-0.003273,0.000827,0.000054
595,1.188164,0.599024,0.426034,1.185650,0.594437,0.426486,0.002514,0.004587,-0.000452,0.000028
596,1.474917,1.053470,0.126933,1.474564,1.049218,0.133053,0.000354,0.004252,-0.006120,0.000056
597,0.827841,0.952301,0.339548,0.804728,0.936679,0.350662,0.023113,0.015623,-0.011114,0.000902
598,1.974654,0.652720,0.314473,1.977118,0.656516,0.311123,-0.002465,-0.003796,0.003350,0.000032
599,1.985797,1.775698,0.168584,1.940412,1.740708,0.172239,0.045385,0.034990,-0.003656,0.003297
600,1.938552,1.399801,0.492566,1.935661,1.403456,0.490205,0.002891,-0.003656,0.002361,0.000027
601,1.544473,1.516851,0.488947,1.551330,1.511315,0.487088,-0.006857,0.005535,0.001859,0.000081
602,1.540581,0.998070,0.354141,1.541404,0.994793,0.352023,-0.000823,0.003277,0.002118,0.000016
603,1.825951,0.976950,0.440622,1.816226,0.980291,0.439151,0.009724,-0.003341,0.001471,0.000108
604,1.223196,1.002658,0.343413,1.224459,1.013565,0.336556,-0.001264,-0.010907,0.006857,0.000168
605,1.377555,1.073557,0.356237,1.346777,1.073039,0.352113,0.030779,0.000518,0.004124,0.000965
606,0.848638,1.381203,0.495352,0.832705,1.374405,0.492264,0.015933,0.006798,0.003088,0.000310
607,0.848909,1.424523,0.458712,0.868238,1.429412,0.447951,-0.019329,-0.004889,0.010761,0.000513
608,0.963273,1.606870,0.402898,0.966966,1.621579,0.393663,-0.003693,-0.014709,0.009235,0.000315
609,1.429649,0.589885,0.249809,1.478244,0.588550,0.251832,-0.048594,0.001334,-0.002022,0.002367
610,0.944922,0.727506,0.181754,0.948743,0.725066,0.184442,-0.003821,0.002439,-0.002688,0.000028
611,0.556860,1.885114,0.339230,0.581317,1.903656,0.331695,-0.024457,-0.018543,0.007535,0.000999
612,1.918815,1.608883,0.231476,1.891916,1.602620,0.233166,0.026899,0.006263,-0.001690,0.000766
613,0.917190,1.465403,0.404198,0.928161,1.486872,0.393835,-0.010971,-0.021469,0.010363,0.000689
614,1.281309,1.966351,0.359219,1.277055,1.975770,0.342004,0.004255,-0.009419,0.017214,0.000403
615,0.932683,0.535540,0.438774,0.964227,0.538637,0.439410,-0.031544,-0.003097,-0.000636,0.001005
616,0.996905,0.863373,0.315725,1.046852,0.869272,0.312663,-0.049946,-0.005899,0.003062,0.002539
617,1.859948,1.497509,0.199335,1.838597,1.491738,0.196297,0.021351,0.005771,0.003038,0.000498
618,1.531025,1.579253,0.343225,1.527721,1.578928,0.337787,0.003304,0.000325,0.005439,0.000041
619,1.072229,0.982455,0.276944,1.104500,0.987441,0.275390,-0.032271,-0.004985,0.001554,0.001069
620,0.509064,1.804800,0.127994,0.493343,1.792833,0.140008,0.015721,0.011967,-0.012014,0.000535
621,0.788698,1.451550,0.156613,0.797157,1.439120,0.158321,-0.008459,0.012430,-0.001708,0.000229
622,0.806330,0.637639,0.337052,0.777906,0.632045,0.338372,0.028424,0.005595,-0.001319,0.000841
623,1.746831,1.897719,0.194524,1.740929,1.876110,0.200110,0.005902,0.021609,-0.005586,0.000533
624,0.617247,1.587484,0.224585,0.618694,1.597380,0.222062,-0.001448,-0.009896,0.002524,0.000106
625,1.582511,0.867387,0.170574,1.563008,0.860282,0.173339,0.019503,0.007105,-0.002764,0.000438
626,0.873454,0.928029,0.279308,0.874596,0.929581,0.277527,-0.001142,-0.001552,0.001781,0.000007
627,1.453406,0.907791,0.412516,1.376802,0.907692,0.413841,0.076604,0.000099,-0.001325,0.005870
628,0.620024,1.958833,0.259298,0.633581,1.933973,0.272953,-0.013557,0.024859,-0.013655,0.000988
629,0.751649,1.162064,0.302117,0.751605,1.163951,0.297171,0.000044,-0.001887,0.004946,0.000028
630,1.602392,1.640487,0.427842,1.664312,1.650599,0.426289,-0.061919,-0.010112,0.001552,0.003939
631,1.690338,0.529717,0.252568,1.761683,0.531195,0.252005,-0.071345,-0.001479,0.000562,0.005093
632,1.781063,1.638287,0.468613,1.772774,1.620674,0.475725,0.008289,0.017613,-0.007112,0.000430
633,1.392775,0.729198,0.390659,1.454022,0.730126,0.394113,-0.061247,-0.000928,-0.003453,0.003764
634,0.885938,1.195477,0.281441,0.878522,1.199491,0.281696,0.007416,-0.004014,-0.000255,0.000071
635,1.062720,1.409038,0.128776,1.058382,1.408891,0.119924,0.004339,0.000147,0.008852,0.000097
636,0.704985,1.203888,0.161890,0.700491,1.204482,0.160587,0.004493,-0.000594,0.001303,0.000022
637,0.784439,0.519251,0.300280,0.796020,0.521154,0.298841,-0.011581,-0.001903,0.001438,0.000140
638,1.588018,1.237181,0.470276,1.574211,1.223150,0.471891,0.013808,0.014031,-0.001615,0.000390
639,1.910427,1.955739,0.249258,1.884800,1.938325,0.246553,0.025627,0.017414,0.002705,0.000967
640,1.234327,1.461573,0.335324,1.233278,1.463535,0.335483,0.001048,-0.001962,-0.000160,0.000005
641,1.113181,0.558240,0.468641,1.142197,0.559342,0.469558,-0.029016,-0.001102,-0.000917,0.000844
642,1.077239,1.348413,0.177691,1.100577,1.350339,0.178705,-0.023338,-0.001926,-0.001014,0.000549
643,1.154447,0.882888,0.465234,1.121424,0.883538,0.460993,0.033023,-0.000650,0.004241,0.001109
644,1.583368,1.264413,0.295449,1.555394,1.258452,0.293123,0.027974,0.005961,0.002325,0.000823
645,1.532734,1.544683,0.360363,1.535417,1.537242,0.363167,-0.002683,0.007441,-0.002805,0.000070
646,1.889778,1.603496,0.196941,1.870570,1.599966,0.200305,0.019208,0.003530,-0.003364,0.000393
647,0.551761,1.719690,0.352381,0.578976,1.748696,0.338696,-0.027215,-0.029007,0.013685,0.001769
648,1.514638,1.546207,0.358133,1.482334,1.538459,0.351075,0.032305,0.007748,0.007059,0.001153
649,0.891996,1.183206,0.372427,0.861308,1.176969,0.376284,0.030688,0.006237,-0.003857,0.000996
650,0.881432,1.403224,0.480711,0.932158,1.418123,0.474622,-0.050726,-0.014899,0.006089,0.002832
651,1.762274,0.518506,0.408389,1.604483,0.514782,0.410256,0.157790,0.003724,-0.001867,0.024915
652,1.466596,1.875324,0.259067,1.441509,1.846713,0.258270,0.025087,0.028611,0.000797,0.001449
653,1.379241,1.851493,0.307415,1.363733,1.847528,0.309077,0.015507,0.003966,-0.001662,0.000259
654,0.783235,1.134417,0.431900,0.795818,1.135811,0.434095,-0.012583,-0.001393,-0.002195,0.000165
655,0.879307,0.953329,0.487073,0.820611,0.955150,0.488054,0.058696,-0.001821,-0.000980,0.003449
656,1.487729,1.074183,0.223192,1.525464,1.066521,0.228044,-0.037735,0.007662,-0.004853,0.001506
657,1.117413,1.814601,0.391061,1.114377,1.809370,0.385780,0.003037,0.005230,0.005281,0.000064
658,0.633310,1.454270,0.410676,0.611140,1.461133,0.412821,0.022170,-0.006863,-0.002145,0.000543
659,1.016589,0.714070,0.399492,1.032041,0.710406,0.402289,-0.015451,0.003664,-0.002797,0.000260
660,1.895025,1.096955,0.223240,1.953701,1.103667,0.221786,-0.058676,-0.006712,0.001454,0.003490
661,1.980538,1.724584,0.100631,2.005634,1.746176,0.093507,-0.025096,-0.021591,0.007124,0.001147
662,0.604762,1.544475,0.309985,0.575501,1.553725,0.294249,0.029261,-0.009250,0.015736,0.001189
663,1.481782,1.599563,0.168254,1.455797,1.578838,0.169003,0.025985,0.020726,-0.000749,0.001105
664,1.061977,1.556071,0.179208,1.028672,1.551802,0.166981,0.033305,0.004268,0.012227,0.001277
665,0.772976,1.922725,0.280264,0.793654,1.929893,0.281533,-0.020677,-0.007168,-0.001269,0.000481
666,1.721556,0.778457,0.123593,1.764351,0.782189,0.123559,-0.042795,-0.003732,0.000034,0.001845
667,0.774094,1.638747,0.203741,0.742187,1.628042,0.195181,0.031907,0.010705,0.008560,0.001206
668,1.853410,1.113189,0.350735,1.847233,1.116781,0.348666,0.006177,-0.003592,0.002069,0.000055
669,1.436632,1.802543,0.166450,1.413153,1.788064,0.166203,0.023479,0.014479,0.000247,0.000761
670,0.939688,1.066593,0.210705,0.995837,1.073961,0.205508,-0.056149,-0.007368,0.005197,0.003234
671,1.013228,1.378470,0.291159,0.997080,1.374757,0.293382,0.016148,0.003713,-0.002223,0.000279
672,1.509207,0.651214,0.124423,1.624719,0.655837,0.124708,-0.115513,-0.004623,-0.000285,0.013365
673,1.627698,0.510840,0.332978,1.625366,0.508169,0.333586,0.002332,0.002671,-0.000608,0.000013
674,1.981428,0.645263,0.308934,1.930131,0.642997,0.307735,0.051298,0.002265,0.001198,0.002638
675,0.510893,1.404477,0.494759,0.513033,1.402470,0.494572,-0.002140,0.002007,0.000186,0.000009
676,1.642046,1.898193,0.289293,1.585528,1.877277,0.291024,0.056518,0.020915,-0.001732,0.003635
677,1.005545,1.144180,0.248314,1.013385,1.151029,0.241956,-0.007840,-0.006848,0.006358,0.000149
678,1.835228,1.999168,0.426739,1.863872,2.023467,0.426115,-0.028643,-0.024299,0.000624,0.001411
679,1.911487,1.497617,0.251374,1.899707,1.489447,0.255724,0.011780,0.008170,-0.004350,0.000224
680,0.585862,1.034044,0.232102,0.567812,1.034357,0.232205,0.018050,-0.000313,-0.000103,0.000326
681,0.650266,1.185379,0.379323,0.637219,1.188321,0.379678,0.013047,-0.002942,-0.000355,0.000179
682,1.587830,1.831956,0.155545,1.583861,1.813978,0.161742,0.003969,0.017978,-0.006197,0.000377
683,1.402864,1.803508,0.211787,1.442589,1.814672,0.212885,-0.039725,-0.011164,-0.001098,0.001704
684,1.548897,1.722578,0.247372,1.546535,1.713393,0.248181,0.002362,0.009185,-0.000809,0.000091
685,1.427528,1.488314,0.290080,1.410688,1.489341,0.277412,0.016839,-0.001027,0.012668,0.000445
686,1.119690,0.781902,0.494473,1.152467,0.784316,0.495891,-0.032777,-0.002414,-0.001418,0.001082
687,1.936321,1.718929,0.106652,1.953439,1.694142,0.109750,-0.017118,0.024786,-0.003098,0.000917
688,1.040308,0.568631,0.423023,1.203226,0.570781,0.423461,-0.162917,-0.002150,-0.000438,0.026547
689,0.988288,1.166459,0.342705,0.940811,1.171985,0.337715,0.047477,-0.005526,0.004990,0.002310
690,1.100248,1.418889,0.132548,1.072146,1.397036,0.143171,0.028102,0.021853,-0.010623,0.001380
691,1.141874,1.897225,0.472338,1.181322,1.915492,0.488348,-0.039447,-0.018267,-0.016010,0.002146
692,1.980307,1.785650,0.462081,2.003656,1.813302,0.451385,-0.023349,-0.027652,0.010696,0.001424
693,1.601417,0.940794,0.178031,1.656813,0.940082,0.181543,-0.055396,0.000713,-0.003512,0.003082
694,0.714742,1.280082,0.328757,0.699404,1.295871,0.315271,0.015338,-0.015789,0.013486,0.000666
695,1.785204,1.256955,0.151145,1.796621,1.259483,0.154477,-0.011417,-0.002528,-0.003332,0.000148
696,1.695231,0.952022,0.369225,1.711963,0.937663,0.373222,-0.016731,0.014360,-0.003997,0.000502
697,1.323120,1.812179,0.167221,1.305602,1.812702,0.170957,0.017518,-0.000523,-0.003736,0.000321
698,1.169430,0.673518,0.365057,1.175930,0.673467,0.366247,-0.006500,0.000051,-0.001190,0.000044
699,0.861352,0.817461,0.401301,0.858611,0.814284,0.402297,0.002741,0.003178,-0.000996,0.000019
700,1.489618,0.634148,0.273957,1.498385,0.634463,0.273706,-0.008768,-0.000316,0.000251,0.000077
701,1.573648,0.740353,0.471587,1.525956,0.750899,0.467918,0.047692,-0.010546,0.003669,0.002399
702,1.853973,1.649463,0.188150,1.847831,1.662837,0.185145,0.006142,-0.013374,0.003006,0.000226
703,0.886443,1.214453,0.459004,0.880478,1.210197,0.462479,0.005965,0.004257,-0.003475,0.000066
704,0.684647,0.703635,0.313817,0.720537,0.708951,0.311547,-0.035890,-0.005316,0.002271,0.001322
705,1.588122,0.635663,0.376714,1.582708,0.634857,0.375404,0.005413,0.000806,0.001310,0.000032
706,1.807911,1.897670,0.406535,1.812013,1.895123,0.413204,-0.004102,0.002547,-0.006669,0.000068
707,1.401019,1.465980,0.250804,1.403208,1.479117,0.242890,-0.002189,-0.013138,0.007914,0.000240
708,1.576164,1.604004,0.252660,1.566396,1.590198,0.261150,0.009768,0.013806,-0.008490,0.000358
709,1.463153,1.342850,0.442456,1.457015,1.330851,0.457738,0.006138,0.011999,-0.015282,0.000415
710,1.712671,0.835326,0.146276,1.738320,0.833211,0.146266,-0.025648,0.002116,0.000010,0.000662
711,0.631521,0.633709,0.396232,0.590246,0.632405,0.397949,0.041275,0.001304,-0.001717,0.001708
712,1.905816,1.616927,0.146442,1.933390,1.620681,0.150141,-0.027574,-0.003755,-0.003698,0.000788
713,1.051606,1.779995,0.481627,1.027164,1.771332,0.489342,0.024441,0.008663,-0.007714,0.000732
714,1.365375,0.502518,0.124754,1.281748,0.502760,0.124844,0.083627,-0.000242,-0.000090,0.006994
715,1.303405,1.770678,0.491940,1.290702,1.764577,0.492334,0.012703,0.006101,-0.000394,0.000199
716,0.979464,1.047536,0.371721,0.938112,1.036027,0.370210,0.041352,0.011509,0.001511,0.001845
717,1.694848,1.279627,0.340647,1.731914,1.293138,0.336768,-0.037066,-0.013511,0.003879,0.001571
718,0.833212,1.092969,0.315317,0.832744,1.103061,0.307224,0.000469,-0.010092,0.008093,0.000168
719,1.190904,0.717051,0.477156,1.163206,0.710072,0.481138,0.027698,0.006979,-0.003982,0.000832
720,1.755825,1.249749,0.282314,1.721101,1.237366,0.283165,0.034724,0.012383,-0.000851,0.001360
721,1.402198,0.718806,0.366140,1.387066,0.721648,0.362933,0.015132,-0.002842,0.003208,0.000247
722,1.701938,1.554450,0.339552,1.768741,1.568300,0.335840,-0.066804,-0.013850,0.003712,0.004668
723,0.963337,1.985503,0.149386,0.967758,1.985001,0.150593,-0.004421,0.000501,-0.001207,0.000021
724,1.995273,1.559783,0.291313,1.984033,1.525348,0.304287,0.011240,0.034435,-0.012974,0.001480
725,1.743031,1.242538,0.381656,1.750740,1.251860,0.374969,-0.007709,-0.009321,0.006687,0.000191
726,1.065063,1.971714,0.233258,1.044307,1.956430,0.251279,0.020756,0.015284,-0.018021,0.000989
727,1.741827,0.815920,0.393063,1.794779,0.815175,0.389444,-0.052952,0.000745,0.003619,0.002818
728,1.715628,1.550611,0.121027,1.698974,1.554902,0.113154,0.016654,-0.004291,0.007873,0.000358
729,1.798148,0.768530,0.295002,1.824640,0.766640,0.293610,-0.026492,0.001891,0.001392,0.000707
730,1.087712,1.976584,0.363700,1.085408,1.966917,0.387385,0.002304,0.009668,-0.023685,0.000660
731,1.772777,1.986595,0.319177,1.772053,1.996558,0.325203,0.000725,-0.009963,-0.006026,0.000136
732,1.006115,1.516848,0.496126,1.015167,1.524023,0.486620,-0.009052,-0.007175,0.009506,0.000224
733,1.636571,1.086595,0.311138,1.660976,1.086678,0.311673,-0.024405,-0.000083,-0.000535,0.000596
734,0.924560,1.544564,0.178037,0.878881,1.524735,0.182624,0.045679,0.019829,-0.004587,0.002501
735,1.784378,1.090659,0.152360,1.794581,1.092007,0.146297,-0.010203,-0.001349,0.006063,0.000143
736,1.628400,1.370576,0.422029,1.631606,1.370878,0.422801,-0.003207,-0.000302,-0.000773,0.000011
737,1.774715,1.564381,0.283013,1.791623,1.587305,0.281584,-0.016908,-0.022924,0.001429,0.000813
738,0.745542,0.706341,0.378382,0.779192,0.703727,0.380126,-0.033650,0.002614,-0.001744,0.001142
739,0.936622,0.717234,0.187255,0.868820,0.704925,0.188862,0.067803,0.012310,-0.001608,0.004751
740,1.622574,1.602978,0.103653,1.636789,1.609072,0.105982,-0.014216,-0.006094,-0.002329,0.000245
741,1.588936,1.363523,0.371327,1.616328,1.371518,0.375879,-0.027391,-0.007995,-0.004551,0.000835
742,1.982726,0.721408,0.480159,2.008705,0.729175,0.479731,-0.025978,-0.007767,0.000428,0.000735
743,1.140667,1.762490,0.470394,1.178016,1.779143,0.468651,-0.037349,-0.016653,0.001743,0.001675
744,0.644072,1.961238,0.171853,0.628793,1.969166,0.149297,0.015279,-0.007927,0.022556,0.000805
745,0.578708,1.970415,0.360039,0.568227,1.947512,0.376779,0.010482,0.022903,-0.016740,0.000915
746,1.390089,1.954590,0.350789,1.362629,1.932817,0.356560,0.027460,0.021773,-0.005771,0.001261
747,1.105991,0.550989,0.196342,1.079977,0.550891,0.195699,0.026014,0.000098,0.000644,0.000677
748,1.232939,1.531976,0.481822,1.232859,1.527660,0.482839,0.000080,0.004316,-0.001017,0.000020
749,1.479195,1.063057,0.376718,1.466790,1.073797,0.367583,0.012406,-0.010739,0.009135,0.000353
750,1.692988,1.487778,0.411092,1.633047,1.475067,0.405874,0.059941,0.012711,0.005218,0.003782
751,1.797344,1.475466,0.210086,1.847992,1.505956,0.202802,-0.050648,-0.030490,0.007284,0.003548
752,1.479793,1.050985,0.148000,1.482685,1.056368,0.148305,-0.002892,-0.005384,-0.000305,0.000037
753,0.623955,1.233828,0.367517,0.577316,1.216902,0.374617,0.046639,0.016926,-0.007100,0.002512
754,1.264623,0.534540,0.329193,1.266398,0.529930,0.332482,-0.001775,0.004610,-0.003289,0.000035
755,1.358946,0.910587,0.398144,1.343280,0.910072,0.396688,0.015666,0.000515,0.001456,0.000248
756,1.691516,0.771645,0.293677,1.634365,0.766415,0.294567,0.057151,0.005230,-0.000891,0.003294
757,1.466895,1.150485,0.328569,1.475674,1.146662,0.333203,-0.008779,0.003823,-0.004633,0.000113
758,0.649162,0.595247,0.463552,0.656142,0.598926,0.460963,-0.006980,-0.003679,0.002589,0.000069
759,1.692837,0.777335,0.425147,1.642887,0.777509,0.424017,0.049951,-0.000175,0.001130,0.002496
760,0.529620,1.334090,0.314567,0.520415,1.336958,0.321809,0.009204,-0.002868,-0.007243,0.000145
761,1.718294,1.232845,0.307560,1.759223,1.233357,0.303544,-0.040929,-0.000512,0.004017,0.001692
762,1.377082,1.570624,0.416027,1.397059,1.578735,0.413628,-0.019977,-0.008111,0.002399,0.000471
763,0.686134,1.629482,0.486272,0.676684,1.611725,0.492498,0.009450,0.017757,-0.006226,0.000443
764,1.846403,0.770996,0.339641,1.939245,0.779311,0.338472,-0.092841,-0.008315,0.001169,0.008690
765,0.769906,1.332083,0.420205,0.792948,1.340478,0.421297,-0.023042,-0.008396,-0.001092,0.000603
766,0.684568,0.693224,0.182492,0.674955,0.695506,0.181638,0.009613,-0.002282,0.000854,0.000098
767,0.741815,1.343744,0.440580,0.792234,1.346651,0.439478,-0.050419,-0.002907,0.001102,0.002552
768,0.552508,1.969893,0.302459,0.550571,1.949679,0.309935,0.001937,0.020213,-0.007476,0.000468
769,1.045339,1.316641,0.269221,0.998277,1.304716,0.272533,0.047063,0.011925,-0.003313,0.002368
770,1.917843,0.500128,0.220240,1.918196,0.504717,0.218202,-0.000353,-0.004589,0.002038,0.000025
771,1.919322,1.279165,0.413121,1.919970,1.275624,0.410971,-0.000648,0.003540,0.002150,0.000018
772,1.488736,1.167380,0.330829,1.493312,1.166846,0.333821,-0.004576,0.000534,-0.002992,0.000030
773,1.542652,1.283999,0.494408,1.559460,1.297612,0.487160,-0.016807,-0.013612,0.007248,0.000520
774,1.028176,1.307314,0.183936,1.020007,1.300415,0.184426,0.008169,0.006899,-0.000490,0.000115
775,0.648514,1.729645,0.194840,0.643192,1.741410,0.185369,0.005322,-0.011765,0.009471,0.000256
776,0.782110,0.949564,0.433051,0.784797,0.932760,0.443810,-0.002686,0.016804,-0.010759,0.000405
777,1.936134,1.403217,0.186416,1.909484,1.409339,0.187506,0.026651,-0.006122,-0.001090,0.000749
778,1.038598,0.692738,0.348925,1.044775,0.686506,0.352091,-0.006177,0.006232,-0.003166,0.000087
779,0.611539,0.882451,0.252713,0.598882,0.881524,0.252170,0.012657,0.000927,0.000543,0.000161
780,1.855490,1.100089,0.133302,1.850243,1.092371,0.136150,0.005247,0.007718,-0.002848,0.000095
781,0.881269,1.138015,0.377806,0.854157,1.133454,0.381744,0.027113,0.004561,-0.003938,0.000771
782,1.303856,0.605837,0.393070,1.283611,0.604302,0.394514,0.020246,0.001536,-0.001444,0.000414
783,1.993039,1.545204,0.177051,1.970063,1.527600,0.177380,0.022976,0.017605,-0.000329,0.000838
784,1.058213,1.485977,0.428203,1.055401,1.479080,0.437030,0.002812,0.006897,-0.008826,0.000133
785,1.407417,1.129530,0.161397,1.330604,1.114406,0.164570,0.076813,0.015124,-0.003174,0.006139
786,1.988673,1.150441,0.110364,2.018545,1.152269,0.115789,-0.029871,-0.001828,-0.005425,0.000925
787,1.405411,0.616287,0.149848,1.380096,0.619124,0.149142,0.025315,-0.002837,0.000706,0.000649
788,0.664985,1.322553,0.126384,0.643798,1.306858,0.138654,0.021187,0.015696,-0.012270,0.000846
789,1.460266,1.044229,0.233407,1.475567,1.049676,0.233178,-0.015301,-0.005446,0.000229,0.000264
790,0.909880,1.803283,0.190306,0.900637,1.816573,0.175612,0.009242,-0.013290,0.014694,0.000478
791,0.514795,1.065734,0.487509,0.538599,1.062220,0.490927,-0.023804,0.003514,-0.003418,0.000591
792,1.067949,0.657504,0.470254,0.964032,0.652410,0.472023,0.103916,0.005094,-0.001769,0.010828
793,0.763597,1.592491,0.222620,0.782893,1.605515,0.213176,-0.019296,-0.013024,0.009443,0.000631
794,1.732015,1.234428,0.311584,1.773142,1.243886,0.314642,-0.041127,-0.009458,-0.003058,0.001790
795,1.550683,1.798098,0.320617,1.582395,1.847568,0.307718,-0.031712,-0.049471,0.012899,0.003619
796,1.411200,1.844855,0.168299,1.425019,1.842601,0.178548,-0.013819,0.002255,-0.010249,0.000301
797,1.919765,1.084345,0.238069,1.893026,1.074104,0.237785,0.026740,0.010241,0.000285,0.000820
798,1.611946,1.952000,0.312673,1.632868,1.974814,0.312663,-0.020923,-0.022814,0.000009,0.000958
799,1.391925,1.774445,0.290745,1.384796,1.773555,0.298864,0.007129,0.000890,-0.008119,0.000118
800,0.691358,0.514246,0.305426,0.691129,0.516164,0.303830,0.000230,-0.001918,0.001597,0.000006
801,0.733237,0.689553,0.251520,0.770484,0.686582,0.254218,-0.037247,0.002970,-0.002698,0.001403
802,1.603134,0.579297,0.390168,1.492345,0.578969,0.388670,0.110789,0.000328,0.001498,0.012277
803,1.961750,1.561254,0.199645,1.967928,1.573505,0.201243,-0.006179,-0.012251,-0.001599,0.000191
804,1.413054,1.560180,0.173242,1.383766,1.544737,0.177008,0.029289,0.015443,-0.003766,0.001111
805,1.979369,1.697703,0.300892,1.999367,1.697275,0.306416,-0.019997,0.000428,-0.005524,0.000431
806,0.913734,1.141648,0.476671,0.935230,1.137945,0.475692,-0.021496,0.003703,0.000978,0.000477
807,1.822082,1.721035,0.222075,1.794053,1.736192,0.209662,0.028028,-0.015158,0.012413,0.001169
808,1.786882,1.921182,0.262606,1.785911,1.918215,0.262426,0.000972,0.002967,0.000180,0.000010
809,0.969105,0.635211,0.131790,0.999377,0.627131,0.134799,-0.030272,0.008080,-0.003009,0.000991
810,1.594930,1.917300,0.166045,1.580870,1.936200,0.151042,0.014059,-0.018900,0.015003,0.000780
811,0.586117,1.615114,0.321664,0.569539,1.608522,0.322009,0.016579,0.006592,-0.000345,0.000318
812,1.239276,1.811529,0.484867,1.281548,1.824593,0.480802,-0.042272,-0.013064,0.004064,0.001974
813,1.135975,1.263024,0.392319,1.147825,1.263268,0.393629,-0.011849,-0.000245,-0.001310,0.000142
814,1.219484,1.272517,0.499182,1.279938,1.265430,0.505312,-0.060454,0.007087,-0.006130,0.003743
815,1.832121,1.546823,0.262189,1.821865,1.545315,0.264125,0.010256,0.001508,-0.001936,0.000111
816,1.424430,1.866330,0.398367,1.411771,1.843183,0.408900,0.012659,0.023147,-0.010533,0.000807
817,1.571240,1.553888,0.399867,1.542710,1.538243,0.406652,0.028530,0.015645,-0.006785,0.001105
818,0.866339,1.608475,0.480347,0.882236,1.581999,0.493553,-0.015896,0.026476,-0.013205,0.001128
819,1.735045,1.820498,0.311245,1.736459,1.826454,0.302688,-0.001414,-0.005957,0.008557,0.000111
820,1.413790,1.411060,0.485859,1.428376,1.423510,0.485157,-0.014585,-0.012450,0.000702,0.000368
821,1.511783,1.822896,0.309407,1.553224,1.875647,0.301557,-0.041440,-0.052752,0.007849,0.004562
822,0.837603,0.612684,0.435764,0.882912,0.617398,0.436523,-0.045310,-0.004715,-0.000759,0.002076
823,1.270527,1.928725,0.269089,1.280811,1.947535,0.266124,-0.010284,-0.018810,0.002965,0.000468
824,1.068642,1.059926,0.145293,1.065221,1.070561,0.139096,0.003421,-0.010635,0.006197,0.000163
825,1.871068,0.874648,0.315648,1.834264,0.871238,0.315287,0.036804,0.003409,0.000360,0.001366
826,1.649621,0.676798,0.219671,1.646120,0.677971,0.217825,0.003501,-0.001173,0.001846,0.000017
827,0.940318,0.819599,0.395210,0.900686,0.817811,0.397680,0.039631,0.001788,-0.002470,0.001580
828,1.353263,0.826195,0.221928,1.331482,0.830120,0.220541,0.021781,-0.003925,0.001387,0.000492
829,1.899667,1.464460,0.430291,1.889516,1.449215,0.433068,0.010151,0.015246,-0.002777,0.000343
830,0.553144,1.194585,0.347099,0.568296,1.202566,0.340053,-0.015152,-0.007980,0.007046,0.000343
831,1.232400,1.033616,0.346212,1.163858,1.035771,0.342607,0.068542,-0.002155,0.003605,0.004716
832,0.992828,1.030839,0.102062,1.002650,1.036734,0.096336,-0.009822,-0.005895,0.005726,0.000164
833,1.835294,0.779237,0.241813,1.774563,0.782084,0.241303,0.060732,-0.002848,0.000510,0.003697
834,0.652007,1.238069,0.133898,0.682399,1.229454,0.141613,-0.030393,0.008615,-0.007716,0.001057
835,1.271478,0.730566,0.149537,1.260350,0.727846,0.151834,0.011128,0.002720,-0.002297,0.000136
836,1.231118,0.733446,0.362653,1.342619,0.739863,0.363185,-0.111501,-0.006418,-0.000532,0.012474
837,0.839143,1.093038,0.219714,0.858226,1.100481,0.214339,-0.019083,-0.007443,0.005375,0.000448
838,1.142512,0.773273,0.424618,1.160947,0.773346,0.424601,-0.018435,-0.000073,0.000016,0.000340
839,0.663042,1.157858,0.435743,0.645866,1.154637,0.445564,0.017176,0.003221,-0.009822,0.000402
840,0.742751,1.030607,0.273584,0.734381,1.026404,0.276436,0.008371,0.004202,-0.002852,0.000096
841,1.038855,1.805771,0.179386,1.042423,1.825718,0.175462,-0.003568,-0.019947,0.003924,0.000426
842,0.784351,0.560384,0.257818,0.781416,0.564375,0.255467,0.002935,-0.003990,0.002352,0.000030
843,1.615886,1.851497,0.164125,1.631317,1.851686,0.165575,-0.015431,-0.000189,-0.001450,0.000240
844,0.798488,1.218942,0.366097,0.769342,1.209945,0.373346,0.029146,0.008997,-0.007248,0.000983
845,0.898699,1.131643,0.320049,0.869103,1.138593,0.315915,0.029596,-0.006950,0.004134,0.000941
846,1.699730,1.571481,0.229955,1.712160,1.599334,0.217226,-0.012429,-0.027852,0.012729,0.001092
847,1.646589,1.822650,0.300743,1.604398,1.784631,0.305476,0.042191,0.038019,-0.004733,0.003248
848,1.885342,1.764594,0.255539,1.837073,1.709065,0.267078,0.048269,0.055530,-0.011539,0.005547
849,0.664599,0.661819,0.108461,0.671116,0.666520,0.107839,-0.006517,-0.004701,0.000622,0.000065
850,0.733313,1.250001,0.406954,0.738043,1.254583,0.412838,-0.004730,-0.004581,-0.005884,0.000078
851,0.854757,1.517465,0.236856,0.842641,1.529870,0.224349,0.012117,-0.012404,0.012508,0.000457
852,1.964658,1.606147,0.273731,1.992218,1.625469,0.270673,-0.027560,-0.019322,0.003058,0.001142
853,0.934200,1.228894,0.404360,0.909497,1.227076,0.405688,0.024703,0.001818,-0.001328,0.000615
854,0.871621,0.728744,0.304496,0.866817,0.725579,0.306557,0.004804,0.003164,-0.002062,0.000037
855,0.874200,1.650091,0.445667,0.900536,1.646610,0.459757,-0.026336,0.003481,-0.014090,0.000904
856,1.991386,0.871032,0.428244,1.992298,0.867707,0.429981,-0.000912,0.003325,-0.001737,0.000015
857,0.797619,1.559691,0.423981,0.818299,1.580798,0.412875,-0.020680,-0.021107,0.011106,0.000997
858,1.551717,1.253501,0.172475,1.545024,1.244800,0.170479,0.006694,0.008700,0.001996,0.000124
859,1.988828,1.386794,0.353791,1.984718,1.364451,0.361300,0.004109,0.022343,-0.007509,0.000573
860,0.844076,0.698444,0.115347,0.784167,0.695143,0.113018,0.059909,0.003300,0.002328,0.003605
861,1.985598,1.893647,0.270521,2.017457,1.941874,0.262343,-0.031859,-0.048227,0.008179,0.003408
862,1.424701,0.636403,0.120382,1.427323,0.631576,0.123971,-0.002622,0.004827,-0.003589,0.000043
863,1.110946,0.959669,0.353324,1.142800,0.961334,0.356249,-0.031855,-0.001665,-0.002925,0.001026
864,0.847141,1.004267,0.291678,0.823541,1.000072,0.295870,0.023600,0.004195,-0.004192,0.000592
865,1.264796,1.465810,0.221716,1.249068,1.458313,0.223991,0.015727,0.007496,-0.002275,0.000309
866,0.903869,0.920834,0.240410,0.942808,0.929177,0.238278,-0.038939,-0.008343,0.002132,0.001590
867,1.127111,0.979761,0.119023,1.108447,0.973174,0.122582,0.018665,0.006588,-0.003559,0.000404
868,0.561334,0.578196,0.397902,0.584035,0.577290,0.398382,-0.022702,0.000905,-0.000480,0.000516
869,0.817966,1.208087,0.463393,0.815785,1.199084,0.471567,0.002181,0.009003,-0.008174,0.000153
870,0.651143,0.777260,0.479331,0.662110,0.779573,0.482104,-0.010967,-0.002313,-0.002772,0.000133
871,1.045372,0.956535,0.138755,1.021903,0.955998,0.136691,0.023469,0.000537,0.002064,0.000555
872,0.520492,1.327652,0.444790,0.530363,1.337415,0.441584,-0.009871,-0.009763,0.003206,0.000203
873,0.996818,1.611938,0.244554,0.999456,1.609714,0.245414,-0.002638,0.002224,-0.000860,0.000013
874,1.668212,1.293293,0.248637,1.672625,1.293970,0.252334,-0.004413,-0.000677,-0.003697,0.000034
875,1.475373,0.815050,0.253620,1.358741,0.819386,0.246675,0.116632,-0.004336,0.006945,0.013670
876,1.830791,0.695728,0.397035,1.760338,0.692844,0.399825,0.070453,0.002884,-0.002790,0.004980
877,0.680532,1.379842,0.464871,0.631476,1.372054,0.462144,0.049056,0.007788,0.002727,0.002475
878,1.481533,0.785650,0.381864,1.471823,0.783165,0.379377,0.009710,0.002486,0.002487,0.000107
879,1.888251,0.612319,0.318632,1.864980,0.612934,0.318521,0.023271,-0.000614,0.000111,0.000542
880,1.014347,1.588026,0.495858,1.029909,1.608268,0.490301,-0.015562,-0.020242,0.005557,0.000683
881,0.802999,1.581154,0.117524,0.831267,1.590240,0.114597,-0.028269,-0.009085,0.002927,0.000890
882,0.787560,1.325744,0.201010,0.796634,1.322790,0.193493,-0.009074,0.002954,0.007517,0.000148
883,1.815613,1.780157,0.462726,1.808013,1.791076,0.454906,0.007600,-0.010919,0.007820,0.000238
884,1.962689,1.842370,0.279393,1.967636,1.831514,0.284208,-0.004946,0.010855,-0.004815,0.000165
885,1.575989,1.866274,0.127083,1.578499,1.882214,0.126476,-0.002510,-0.015940,0.000608,0.000261
886,1.128506,1.896998,0.301548,1.125665,1.901281,0.303102,0.002841,-0.004283,-0.001555,0.000029
887,0.532812,1.398730,0.378682,0.546893,1.393007,0.377541,-0.014081,0.005723,0.001142,0.000232
888,0.693401,0.568168,0.326470,0.690138,0.566413,0.327361,0.003264,0.001755,-0.000891,0.000015
889,1.691586,1.540705,0.396286,1.702420,1.537708,0.392613,-0.010834,0.002997,0.003673,0.000140
890,1.096241,1.527041,0.448102,1.069656,1.529533,0.445026,0.026585,-0.002491,0.003076,0.000722
891,1.957308,0.748277,0.400291,1.928181,0.738637,0.405169,0.029126,0.009641,-0.004878,0.000965
892,1.076226,1.669058,0.260340,1.075489,1.664911,0.256189,0.000737,0.004147,0.004150,0.000035
893,0.907241,0.776100,0.164001,1.016908,0.771917,0.166070,-0.109667,0.004183,-0.002069,0.012049
894,0.826712,1.545083,0.451662,0.860854,1.553137,0.448736,-0.034142,-0.008054,0.002926,0.001239
895,1.685970,1.183161,0.383102,1.679310,1.165591,0.385137,0.006660,0.017571,-0.002036,0.000357
896,1.287610,0.955115,0.188135,1.301734,0.962256,0.185068,-0.014125,-0.007141,0.003066,0.000260
897,1.562382,1.328226,0.168444,1.576435,1.337665,0.167897,-0.014053,-0.009439,0.000547,0.000287
898,0.568419,0.857325,0.115636,0.539194,0.856925,0.116170,0.029225,0.000401,-0.000534,0.000855
899,0.722209,1.825404,0.470899,0.744178,1.839875,0.472394,-0.021969,-0.014471,-0.001494,0.000694
900,0.905652,1.685932,0.356965,0.897002,1.684805,0.359029,0.008650,0.001127,-0.002064,0.000080
901,0.873512,1.735115,0.313838,0.884464,1.731745,0.312589,-0.010952,0.003371,0.001249,0.000133
902,0.502100,1.021193,0.342064,0.456326,1.019475,0.341598,0.045774,0.001718,0.000466,0.002098
903,1.053665,0.624869,0.382185,1.046556,0.626345,0.381159,0.007109,-0.001476,0.001026,0.000054
904,1.323913,1.583119,0.263337,1.307305,1.583771,0.267320,0.016607,-0.000652,-0.003983,0.000292
905,1.417223,0.986953,0.122905,1.448357,1.004511,0.121427,-0.031134,-0.017558,0.001479,0.001280
906,1.723883,1.735898,0.187712,1.739346,1.733446,0.193685,-0.015463,0.002452,-0.005973,0.000281
907,1.947841,0.765103,0.488642,1.883401,0.766446,0.487217,0.064440,-0.001343,0.001424,0.004156
908,1.306083,1.968144,0.411274,1.287619,1.937237,0.413399,0.018464,0.030906,-0.002124,0.001301
909,1.670770,0.659664,0.398308,1.676879,0.672776,0.392518,-0.006110,-0.013112,0.005790,0.000243
910,1.072971,1.480737,0.448010,1.046583,1.476626,0.445213,0.026389,0.004111,0.002798,0.000721
911,1.451458,1.326317,0.426739,1.431800,1.323051,0.425993,0.019659,0.003266,0.000746,0.000398
912,0.830959,0.903190,0.332666,0.806450,0.904890,0.330152,0.024509,-0.001700,0.002514,0.000610
913,1.711599,1.629347,0.162257,1.742113,1.646371,0.159994,-0.030513,-0.017024,0.002262,0.001226
914,0.847585,1.589429,0.247456,0.840830,1.588319,0.254019,0.006755,0.001110,-0.006563,0.000090
915,1.853252,0.640537,0.172605,1.805234,0.636245,0.172314,0.048018,0.004291,0.000292,0.002324
916,0.777542,1.793528,0.175544,0.777929,1.798160,0.171639,-0.000387,-0.004632,0.003905,0.000037
917,1.235778,1.594220,0.359026,1.253455,1.620215,0.353202,-0.017677,-0.025995,0.005824,0.001022
918,0.531571,0.744378,0.171094,0.529569,0.746002,0.169496,0.002002,-0.001624,0.001598,0.000009
919,1.091296,1.411733,0.127782,1.051902,1.409668,0.125499,0.039394,0.002066,0.002282,0.001561
920,0.608073,0.867881,0.463652,0.619525,0.862536,0.465819,-0.011452,0.005344,-0.002167,0.000164
921,1.955578,0.650351,0.310711,1.970662,0.657163,0.308704,-0.015084,-0.006812,0.002007,0.000278
922,1.590147,1.711989,0.341317,1.582958,1.671411,0.353441,0.007189,0.040578,-0.012124,0.001845
923,1.066813,0.531074,0.430625,1.100480,0.535673,0.429528,-0.033668,-0.004600,0.001097,0.001156
924,1.645169,1.466723,0.117496,1.670356,1.472413,0.106849,-0.025187,-0.005689,0.010647,0.000780
925,0.872514,0.625393,0.157054,0.936562,0.622455,0.158792,-0.064048,0.002938,-0.001738,0.004114
926,1.441077,0.520245,0.486544,1.461267,0.515048,0.486853,-0.020191,0.005197,-0.000308,0.000435
927,1.936427,0.659508,0.394453,1.924274,0.653206,0.394695,0.012153,0.006303,-0.000243,0.000187
928,1.007585,1.561184,0.180929,0.991395,1.590479,0.168709,0.016189,-0.029296,0.012220,0.001270
929,1.220638,1.344277,0.277730,1.255250,1.354100,0.276229,-0.034612,-0.009823,0.001502,0.001297
930,0.744717,0.997634,0.161805,0.715617,0.992775,0.161055,0.029099,0.004859,0.000750,0.000871
931,0.583813,1.538062,0.350994,0.544296,1.526166,0.364718,0.039517,0.011896,-0.013723,0.001891
932,0.684613,1.737387,0.141126,0.641591,1.718565,0.154060,0.043022,0.018822,-0.012934,0.002372
933,0.945108,1.267314,0.434593,0.959466,1.281555,0.426302,-0.014358,-0.014242,0.008292,0.000478
934,0.712753,1.868250,0.109600,0.665243,1.837647,0.115966,0.047510,0.030604,-0.006365,0.003234
935,1.140703,0.721065,0.362146,1.116832,0.718512,0.362991,0.023871,0.002552,-0.000845,0.000577
936,0.838827,1.818485,0.253898,0.846648,1.845828,0.236305,-0.007822,-0.027343,0.017592,0.001118
937,1.826336,1.734177,0.144963,1.848556,1.748082,0.145075,-0.022220,-0.013905,-0.000111,0.000687
938,0.754339,0.665203,0.140695,0.708143,0.667385,0.140423,0.046195,-0.002182,0.000271,0.002139
939,1.933774,1.035962,0.346279,1.897169,1.035397,0.344012,0.036604,0.000565,0.002267,0.001345
940,0.677526,1.884979,0.467949,0.697882,1.879136,0.464995,-0.020356,0.005843,0.002955,0.000457
941,1.843380,1.406760,0.171227,1.843761,1.413443,0.170622,-0.000381,-0.006683,0.000605,0.000045
942,1.295721,1.399417,0.371773,1.308352,1.406681,0.380438,-0.012631,-0.007264,-0.008665,0.000287
943,0.725330,1.500910,0.220626,0.710756,1.477118,0.239678,0.014574,0.023792,-0.019052,0.001141
944,1.726344,1.022579,0.141569,1.726345,1.031329,0.140495,-0.000001,-0.008751,0.001074,0.000078
945,1.874352,1.492598,0.473153,1.832447,1.459478,0.483315,0.041904,0.033120,-0.010162,0.002956
946,1.716079,1.566960,0.130548,1.731249,1.579173,0.133613,-0.015170,-0.012213,-0.003065,0.000389
947,0.503268,1.899642,0.159457,0.504015,1.893602,0.152392,-0.000747,0.006040,0.007065,0.000087
948,1.483781,0.980384,0.256240,1.511557,0.990916,0.254781,-0.027776,-0.010532,0.001459,0.000885
949,1.582015,1.678319,0.291373,1.612256,1.703893,0.286037,-0.030240,-0.025574,0.005336,0.001597
950,0.600970,1.366764,0.483834,0.615102,1.367826,0.482720,-0.014131,-0.001062,0.001114,0.000202
951,0.917714,0.635671,0.497909,0.982809,0.633223,0.499611,-0.065095,0.002448,-0.001702,0.004246
952,0.772809,1.077526,0.227726,0.783002,1.082114,0.227850,-0.010194,-0.004588,-0.000124,0.000125
953,1.135748,1.540131,0.265578,1.155002,1.557380,0.253168,-0.019254,-0.017248,0.012410,0.000822
954,1.690252,1.000198,0.420856,1.676349,0.993640,0.422836,0.013903,0.006558,-0.001980,0.000240
955,1.480931,0.868862,0.267464,1.481201,0.875322,0.265026,-0.000269,-0.006460,0.002438,0.000048
956,1.245653,1.300656,0.312990,1.228713,1.302069,0.303938,0.016941,-0.001413,0.009051,0.000371
957,1.732106,1.076941,0.332386,1.726717,1.079443,0.338492,0.005389,-0.002502,-0.006107,0.000073
958,1.132761,1.366815,0.377400,1.175728,1.376050,0.387195,-0.042967,-0.009236,-0.009796,0.002027
959,1.622425,1.554640,0.194077,1.627275,1.543873,0.203090,-0.004850,0.010767,-0.009013,0.000221
960,0.504299,1.990858,0.106862,0.503864,1.981548,0.112550,0.000435,0.009310,-0.005688,0.000119
961,1.337562,1.936424,0.468362,1.322691,1.924254,0.465074,0.014870,0.012170,0.003288,0.000380
962,0.589366,1.024021,0.439501,0.524047,1.025829,0.442135,0.065319,-0.001808,-0.002634,0.004277
963,1.800159,1.728516,0.217879,1.818457,1.733513,0.220375,-0.018298,-0.004997,-0.002496,0.000366
964,0.716210,1.779968,0.488728,0.703049,1.791978,0.458904,0.013161,-0.012010,0.029823,0.001207
965,1.869431,0.863746,0.431129,1.931374,0.871199,0.424975,-0.061943,-0.007453,0.006154,0.003930
966,0.583798,0.706702,0.484821,0.547625,0.711918,0.482231,0.036173,-0.005216,0.002590,0.001342
967,1.555944,1.066191,0.110539,1.513998,1.057900,0.110561,0.041946,0.008291,-0.000022,0.001828
968,1.947370,1.057526,0.380561,1.927602,1.057377,0.381599,0.019768,0.000149,-0.001038,0.000392
969,1.494121,0.610655,0.434975,1.525956,0.605179,0.436166,-0.031835,0.005476,-0.001192,0.001045
970,1.805715,0.545279,0.246098,1.812918,0.545138,0.246594,-0.007203,0.000141,-0.000496,0.000052
971,0.618490,0.615598,0.327673,0.653245,0.609540,0.327579,-0.034755,0.006058,0.000094,0.001245
972,1.720567,0.724576,0.172970,1.778553,0.723161,0.171318,-0.057986,0.001414,0.001652,0.003367
973,1.615337,1.622161,0.379426,1.620375,1.640337,0.368707,-0.005038,-0.018176,0.010718,0.000471
974,0.949262,1.117284,0.234935,0.944367,1.114478,0.241262,0.004895,0.002806,-0.006327,0.000072
975,1.672095,1.542871,0.214708,1.667591,1.530729,0.224480,0.004504,0.012142,-0.009772,0.000263
976,0.733831,1.821736,0.112848,0.733602,1.826688,0.114190,0.000229,-0.004952,-0.001342,0.000026
977,1.626699,1.254943,0.104347,1.641467,1.259825,0.098587,-0.014768,-0.004882,0.005760,0.000275
978,1.749020,1.519855,0.450391,1.742076,1.504972,0.455144,0.006944,0.014883,-0.004754,0.000292
979,1.331234,1.744277,0.467660,1.307268,1.739951,0.468378,0.023965,0.004327,-0.000718,0.000594
980,1.252809,1.564029,0.269468,1.257902,1.570839,0.276888,-0.005093,-0.006810,-0.007420,0.000127
981,0.735201,1.959683,0.308600,0.761296,1.960882,0.308340,-0.026095,-0.001198,0.000260,0.000682
982,1.966889,0.687700,0.184746,1.967761,0.694243,0.182748,-0.000872,-0.006543,0.001998,0.000048
983,1.428566,0.828360,0.173478,1.360834,0.824060,0.172145,0.067732,0.004299,0.001333,0.004608
984,1.618994,1.338941,0.436685,1.626692,1.330508,0.442375,-0.007698,0.008433,-0.005690,0.000163
985,1.724838,1.202654,0.225276,1.688315,1.194280,0.233511,0.036524,0.008374,-0.008236,0.001472
986,1.462836,1.740881,0.165930,1.500665,1.749719,0.173410,-0.037829,-0.008838,-0.007481,0.001565
987,1.705009,1.469971,0.177892,1.675873,1.463465,0.177104,0.029136,0.006506,0.000788,0.000892
988,0.662601,0.616713,0.341276,0.649837,0.617540,0.339886,0.012765,-0.000827,0.001390,0.000166
989,1.769914,0.542073,0.212883,1.712619,0.541373,0.211308,0.057295,0.000700,0.001575,0.003286
990,1.312352,0.597979,0.338844,1.416223,0.602488,0.337895,-0.103871,-0.004509,0.000949,0.010810
991,1.634782,0.963680,0.320677,1.616828,0.962255,0.321066,0.017954,0.001425,-0.000390,0.000325
992,1.457583,0.548550,0.207667,1.490636,0.549354,0.207543,-0.033053,-0.000804,0.000125,0.001093
993,1.964995,1.347195,0.325496,1.945851,1.333296,0.324206,0.019143,0.013900,0.001289,0.000561
994,1.685339,0.568521,0.225832,1.634453,0.565759,0.227208,0.050886,0.002762,-0.001376,0.002599
995,1.915264,0.512718,0.242660,1.888549,0.513969,0.241609,0.026715,-0.001250,0.001051,0.000716
996,0.923603,1.097205,0.177953,0.944142,1.110606,0.166503,-0.020538,-0.013401,0.011450,0.000733
997,1.627763,1.588532,0.489540,1.612975,1.580251,0.493624,0.014788,0.008281,-0.004084,0.000304
998,1.553985,0.646070,0.262915,1.506520,0.649308,0.258577,0.047466,-0.003238,0.004337,0.002282
999,1.612177,0.651504,0.422998,1.621322,0.645935,0.423928,-0.009145,0.005570,-0.000931,0.000116
1000,0.725280,1.380763,0.252845,0.756251,1.374519,0.259129,-0.030971,0.006244,-0.006284,0.001038
