0.802504 1.84785 0.334731     
1.59103 1.86419 0.131196     
1.30672 1.64971 0.471653     
1.8612 1.15184 0.39882     
0.977919 1.61356 0.467697     
1.82849 1.75521 0.283935     
1.79639 1.20559 0.282413     
0.545576 1.18037 0.28114     
1.77164 0.779114 0.464651     
1.83029 0.563464 0.259966     
1.97657 0.686627 0.159307     
1.22883 0.642182 0.480549     
0.618899 1.06535 0.210479     
0.636598 1.01076 0.19198     
1.70418 0.937617 0.474764     
1.96915 1.03077 0.193653     
1.8129 0.663811 0.395736     
0.849404 1.11571 0.35125     
1.72103 0.935158 0.434796     
1.64462 1.65311 0.391321     
1.6056 0.871101 0.339106     
1.54233 0.839487 0.245113     
0.991994 1.96636 0.492542     
0.850192 1.02109 0.337736     
1.24809 1.65121 0.433106     
0.601156 0.868 0.428462     
1.41028 1.45562 0.319678     
1.89998 1.74901 0.3908     
0.871933 0.581839 0.248026     
1.33803 0.594411 0.187519     
0.784348 1.28035 0.129248     
0.862507 1.04312 0.108469     
0.889634 0.878445 0.234955     
1.82002 0.914663 0.17201     
1.891 1.53109 0.347117     
0.817134 1.747 0.322655     
1.56548 1.56557 0.193368     
1.29988 1.07041 0.281767     
1.80539 0.753883 0.448783     
1.08291 1.48512 0.110554     
1.55218 1.06622 0.45073     
0.786634 1.79978 0.433639     
1.78873 1.43827 0.426558     
1.71001 0.793747 0.411139     
1.45835 1.46828 0.315568     
1.78495 1.1379 0.127211     
0.608737 1.89776 0.429098     
1.58852 1.96648 0.345691     
1.29394 0.628658 0.146698     
1.51668 1.33854 0.205199     
1.40074 1.81293 0.428181     
1.7286 1.56706 0.24954     
0.571498 1.05882 0.330431     
1.81667 1.84559 0.242954     
0.552793 0.968117 0.350259     
0.97789 1.38217 0.189924     
0.923723 1.70853 0.455672     
0.909704 1.76345 0.173242     
0.761264 0.501355 0.356272     
0.736178 1.51796 0.160694     
0.620797 1.85059 0.310243     
0.547216 1.71946 0.386749     
0.667281 1.76893 0.293556     
1.93059 0.544973 0.249883     
0.829334 0.730587 0.149665     
1.91545 1.63698 0.332496     
0.582166 0.533193 0.332791     
1.77667 0.529975 0.424285     
0.559598 1.77972 0.276699     
0.919788 1.47695 0.416717     
1.09279 1.91581 0.261239     
1.04345 0.880413 0.442857     
0.977975 1.93627 0.484148     
1.6551 0.738029 0.273411     
1.26486 0.626947 0.109209     
1.90164 1.31716 0.158921     
1.56711 1.89134 0.459348     
1.22192 0.797653 0.25984     
1.33504 1.40521 0.310212     
1.96731 1.8449 0.295451     
1.12898 0.957306 0.381151     
1.37302 1.21542 0.133134     
0.819442 1.97991 0.247454     
1.49141 1.26296 0.205473     
1.87554 1.17272 0.332774     
1.33895 1.99731 0.372616     
1.19344 1.78811 0.28717     
1.46049 0.905069 0.241498     
1.39811 1.28263 0.397809     
0.611208 1.64876 0.494012     
0.773894 0.950367 0.405131     
1.82042 0.609779 0.420152     
0.784775 1.68016 0.404026     
1.88709 0.778712 0.256491     
0.759152 1.14653 0.106201     
1.7938 1.30992 0.437422     
1.92358 1.54992 0.450736     
0.608804 1.34635 0.290425     
0.987029 0.877901 0.224455     
1.52631 0.743071 0.347646     
1.74747 0.770411 0.319051     
0.552511 1.18618 0.202321     
0.534653 0.7301 0.475082     
1.5663 1.67451 0.23184     
1.31617 1.07585 0.351083     
0.677078 1.70206 0.30232     
1.9395 1.98448 0.342897     
1.27361 1.75248 0.183659     
1.64859 1.76248 0.390655     
1.30417 1.15094 0.298576     
1.27082 1.94262 0.155319     
0.846597 1.93178 0.41455     
1.49179 1.83627 0.251954     
1.86865 1.90058 0.454793     
1.27155 0.933985 0.197187     
1.80907 0.935975 0.45811     
1.79368 1.3089 0.104651     
1.63765 1.15021 0.208199     
1.782 1.33442 0.396599     
1.68893 1.46387 0.156232     
1.63963 1.40394 0.250837     
1.84912 1.3809 0.297114     
1.79912 0.88447 0.164994     
0.91688 1.18976 0.111711     
0.953298 1.11676 0.351582     
1.89126 1.99123 0.301723     
1.07692 1.87574 0.248564     
0.97897 0.91968 0.492972     
1.13213 1.69437 0.146115     
1.9722 1.4935 0.321206     
1.78442 1.21562 0.286562     
0.871157 0.66231 0.114535     
1.18421 0.882154 0.241901     
1.81827 0.654434 0.309952     
1.41383 1.00841 0.390044     
0.751133 1.5138 0.493824     
1.56547 1.71893 0.108535     
1.88893 0.772622 0.421647     
1.65342 1.56738 0.418575     
0.918556 1.57354 0.108257     
1.8468 1.51137 0.337319     
1.32591 0.917554 0.240204     
0.524841 1.37677 0.479559     
0.699439 1.46705 0.202366     
0.885784 1.27621 0.279095     
1.31868 1.07183 0.264406     
1.14931 0.676093 0.331425     
1.38372 1.17892 0.360785     
1.60194 1.93347 0.451803     
1.16559 1.50572 0.289446     
1.73093 0.515307 0.319991     
1.94125 1.05253 0.278887     
1.16496 1.32464 0.159254     
1.99233 1.32017 0.282413     
1.40244 1.20831 0.493838     
1.75214 1.16675 0.205689     
0.647581 1.49087 0.461051     
0.501102 1.71434 0.382715     
1.55318 1.85499 0.265508     
1.75972 1.10763 0.401778     
1.16395 1.21012 0.433422     
1.55472 0.994883 0.196146     
0.636794 0.63879 0.452342     
1.9984 0.816178 0.295275     
1.9382 1.22932 0.29592     
1.28797 1.87044 0.10697     
0.854582 1.07508 0.279982     
1.60368 1.94155 0.314329     
1.74744 1.71553 0.344501     
1.98192 1.3613 0.2945     
1.86397 1.33739 0.384552     
1.57317 0.720427 0.102878     
1.56891 1.21683 0.358609     
1.42859 0.688237 0.388906     
1.48371 1.8808 0.299031     
1.50665 1.5031 0.318045     
0.578237 1.1783 0.252857     
1.8129 1.564 0.372579     
1.24013 0.86976 0.112763     
1.08232 0.735506 0.277661     
0.7402 1.71528 0.404982     
1.34374 1.56231 0.486021     
1.67481 1.27288 0.152365     
1.82644 1.06293 0.39355     
1.82356 1.09709 0.251602     
1.21456 1.30739 0.495798     
1.23219 1.4213 0.318638     
1.62756 1.34807 0.326514     
1.76791 1.58232 0.259324     
0.70488 0.848635 0.320356     
1.34049 1.67333 0.13026     
1.73282 1.03575 0.390954     
1.91506 1.53933 0.217095     
0.828175 1.85484 0.496178     
1.04343 1.92601 0.260921     
1.8253 0.972108 0.247074     
0.911004 1.15309 0.435973     
1.64309 0.719802 0.480192     
1.06417 1.40529 0.361294     
1.47703 1.12779 0.402985     
0.644681 1.23731 0.378032     
0.681934 1.47356 0.379411     
1.53926 1.97025 0.208797     
1.73633 1.60011 0.24825     
1.94155 1.14176 0.452402     
1.40737 0.844828 0.120199     
0.983842 1.50578 0.128185     
1.73028 1.64065 0.306019     
1.28203 0.556628 0.2034     
1.09558 1.5056 0.402058     
1.98113 1.3414 0.163194     
1.39853 1.42188 0.103512     
0.959149 1.34096 0.192819     
1.54659 1.61987 0.350737     
1.7911 1.21682 0.279424     
1.90959 1.20082 0.170077     
1.92718 1.34437 0.148459     
0.743225 0.975641 0.488867     
1.55598 0.685995 0.454275     
1.26028 1.51895 0.459097     
1.27501 1.24255 0.202301     
0.884027 1.00707 0.264774     
1.50954 1.70574 0.315932     
1.52815 0.547167 0.112746     
1.44663 1.42465 0.313438     
1.183 0.543521 0.436053     
0.987615 1.13199 0.440558     
1.01888 1.55263 0.411446     
1.65278 1.38547 0.164823     
1.62233 1.93309 0.137934     
1.12096 1.73619 0.263517     
1.61589 1.01927 0.375931     
1.78213 1.59733 0.147075     
1.62933 0.673174 0.247021     
1.93691 0.606355 0.431273     
0.637304 1.86163 0.486678     
1.36947 0.728095 0.335644     
1.82786 1.92376 0.365361     
1.39217 0.55343 0.266615     
1.97212 1.357 0.470675     
1.58159 0.591332 0.493562     
1.81539 0.730837 0.178658     
1.31943 0.661454 0.322038     
1.34889 1.21519 0.156975     
0.953174 1.06307 0.408609     
0.891659 1.56236 0.458023     
1.61202 1.36776 0.444538     
1.33383 1.4053 0.433889     
0.729907 1.36859 0.284225     
1.68871 1.58598 0.461169     
0.998677 0.745643 0.325802     
0.745655 1.34526 0.130433     
1.90359 1.79633 0.321078     
1.05237 0.931315 0.292944     
1.69393 1.20828 0.181773     
1.49581 1.25211 0.419236     
1.16561 1.41104 0.382223     
1.41507 1.27811 0.267538     
1.54008 0.622355 0.214941     
1.44352 1.46708 0.457506     
1.23936 1.27757 0.294459     
1.19106 0.998523 0.111368     
1.95515 1.51406 0.328217     
1.73119 1.02542 0.445869     
1.42591 0.827544 0.135725     
1.70607 1.15307 0.336646     
1.13204 1.32543 0.391188     
1.92731 1.242 0.120305     
1.58933 1.92956 0.164381     
1.32063 1.58912 0.364739     
1.53739 1.73435 0.46801     
0.776181 1.20303 0.406536     
1.16765 1.29117 0.178727     
1.64377 1.1439 0.199045     
1.8763 0.77969 0.44827     
1.75095 1.475 0.482702     
1.60789 1.07409 0.242011     
1.34632 0.72497 0.236773     
1.93564 1.6237 0.295063     
1.13516 1.61934 0.200897     
0.540363 0.954975 0.262062     
1.24572 1.86502 0.220708     
0.715901 1.578 0.146882     
1.71803 1.55634 0.449652     
0.783674 1.0486 0.372606     
1.17872 0.786978 0.302712     
0.917853 1.42926 0.366356     
1.95618 1.43654 0.157149     
1.89986 1.36008 0.259094     
1.98418 0.612607 0.44875     
